Messtemperatur      21∞C
U-Bereich           -1V   bis 1V
Anzahl der Meﬂpunkte     100
delay nach Einstellen der Spannung  s
Strombegrenzung     1 A
Kontakt             x
Beleuchtung         d
Kommentar eingeben

voltage / V   current / A   time

-1	-0.001545381	961.8379
-1	-0.001546298	962.5195
-1	-0.001548161	963.0664
-1	-0.001551136	963.6133
-1	-0.001552357	964.1602
-1	-0.001553226	964.707
-1	-0.001553801	965.2539
-1	-0.001557619	965.8008
-1	-0.001556774	966.3477
-1	-0.001558155	966.8955
-0.98	-0.001544727	967.4424
-0.98	-0.001546106	967.9893
-0.98	-0.00154709	968.5361
-0.98	-0.001549544	969.083
-0.98	-0.001549026	969.9844
-0.98	-0.001549951	970.5254
-0.98	-0.001550362	971.0723
-0.98	-0.001549997	971.6191
-0.98	-0.001553328	972.166
-0.98	-0.001556598	972.7129
-0.96	-0.001540568	973.2598
-0.96	-0.001536211	973.8057
-0.96	-0.001533905	974.3525
-0.96	-0.001534173	974.8994
-0.96	-0.001533758	975.4463
-0.96	-0.001534863	975.9932
-0.96	-0.001530484	976.54
-0.96	-0.001530531	977.0859
-0.96	-0.001530055	977.6328
-0.96	-0.001529689	978.1787
-0.94	-0.001515803	978.7246
-0.94	-0.00151613	979.2715
-0.94	-0.001509172	979.8184
-0.94	-0.001507265	980.3652
-0.94	-0.001513166	980.9111
-0.94	-0.001515148	981.457
-0.94	-0.001517205	982.0039
-0.94	-0.001517973	982.5508
-0.94	-0.001518494	983.0967
-0.94	-0.001513854	983.6436
-0.92	-0.001497099	984.1904
-0.92	-0.001496133	984.7373
-0.92	-0.001495775	985.2842
-0.92	-0.001496015	985.8311
-0.92	-0.001496457	986.377
-0.92	-0.001496097	986.9238
-0.92	-0.001505482	987.4707
-0.92	-0.001514748	988.0166
-0.92	-0.001517999	988.5635
-0.92	-0.001517597	989.1104
-0.9	-0.001504648	989.6572
-0.9	-0.001505566	990.2041
-0.9	-0.001506414	990.75
-0.9	-0.00150731	991.2959
-0.9	-0.001508792	991.8418
-0.9	-0.001509396	992.3887
-0.9	-0.001509948	992.9355
-0.9	-0.001510818	993.4824
-0.9	-0.001511763	994.0293
-0.9	-0.00151327	994.5762
-0.88	-0.001499535	995.1221
-0.88	-0.001500974	995.668
-0.88	-0.001502909	996.2148
-0.88	-0.001505179	996.7617
-0.88	-0.001506562	997.3086
-0.88	-0.001508971	997.8545
-0.88	-0.001510104	998.4014
-0.88	-0.001511199	998.9473
-0.88	-0.001512018	999.4941
-0.88	-0.001512853	1000.04
-0.86	-0.001499102	1000.587
-0.86	-0.001500447	1001.135
-0.86	-0.001498172	1001.682
-0.86	-0.001487982	1002.229
-0.86	-0.001485681	1002.775
-0.86	-0.001503642	1003.322
-0.86	-0.001525026	1003.868
-0.86	-0.001528699	1004.416
-0.86	-0.00152853	1004.963
-0.86	-0.001534436	1005.509
-0.84	-0.001522508	1006.057
-0.84	-0.001526153	1006.604
-0.84	-0.001530529	1007.15
-0.84	-0.001534563	1007.697
-0.84	-0.001527461	1008.244
-0.84	-0.001510332	1008.792
-0.84	-0.001518521	1009.339
-0.84	-0.001538551	1009.886
-0.84	-0.001547245	1010.433
-0.84	-0.001558932	1010.979
-0.82	-0.001558284	1011.526
-0.82	-0.001574672	1012.073
-0.82	-0.001591998	1012.619
-0.82	-0.001611165	1013.165
-0.82	-0.001634775	1013.711
-0.82	-0.001667475	1014.258
-0.82	-0.001712609	1014.805
-0.82	-0.001758526	1015.352
-0.82	-0.001794277	1015.898
-0.82	-0.00181513	1016.445
-0.8	-0.001804448	1016.992
-0.8	-0.001795271	1017.54
-0.8	-0.001779459	1018.086
-0.8	-0.001779327	1018.634
-0.8	-0.001796197	1019.181
-0.8	-0.001830287	1019.728
-0.8	-0.001877091	1020.274
-0.8	-0.001920691	1020.821
-0.8	-0.001955885	1021.368
-0.8	-0.001970299	1021.916
-0.78	-0.001939121	1022.464
-0.78	-0.001896442	1023.011
-0.78	-0.001838488	1023.558
-0.78	-0.00177434	1024.104
-0.78	-0.001715323	1024.65
-0.78	-0.001670532	1025.197
-0.78	-0.001637898	1025.744
-0.78	-0.00161096	1026.291
-0.78	-0.00158699	1026.838
-0.78	-0.001565645	1027.385
-0.76	-0.00153179	1027.932
-0.76	-0.001515137	1028.479
-0.76	-0.001502203	1029.025
-0.76	-0.001491138	1029.572
-0.76	-0.001482541	1030.119
-0.76	-0.001476255	1030.666
-0.76	-0.001471685	1031.213
-0.76	-0.001467232	1031.76
-0.76	-0.001464307	1032.307
-0.76	-0.001461776	1032.854
-0.74	-0.001445335	1033.4
-0.74	-0.0014436	1033.947
-0.74	-0.001440326	1034.494
-0.74	-0.001432607	1035.042
-0.74	-0.00142289	1035.589
-0.74	-0.001418251	1036.136
-0.74	-0.001416068	1036.683
-0.74	-0.001417174	1037.229
-0.74	-0.001421888	1037.776
-0.74	-0.001425202	1038.323
-0.72	-0.001411765	1038.87
-0.72	-0.001412117	1039.417
-0.72	-0.001414439	1039.965
-0.72	-0.001408047	1040.512
-0.72	-0.001409942	1041.059
-0.72	-0.001410564	1041.605
-0.72	-0.001413634	1042.152
-0.72	-0.001419343	1042.699
-0.72	-0.001425309	1043.246
-0.72	-0.001430426	1043.794
-0.7	-0.001421714	1044.341
-0.7	-0.001425638	1044.888
-0.7	-0.001429681	1045.435
-0.7	-0.001436793	1045.981
-0.7	-0.001443288	1046.528
-0.7	-0.00145458	1047.074
-0.7	-0.001479061	1047.62
-0.7	-0.001504127	1048.166
-0.7	-0.001544373	1048.712
-0.7	-0.001590994	1049.259
-0.68	-0.001627509	1049.806
-0.68	-0.001678492	1050.353
-0.68	-0.001721439	1050.899
-0.68	-0.001753696	1051.446
-0.68	-0.001772035	1051.992
-0.68	-0.001774921	1052.539
-0.68	-0.001768867	1053.086
-0.68	-0.001756318	1053.633
-0.68	-0.001736372	1054.18
-0.68	-0.001712329	1054.727
-0.66	-0.001680069	1055.273
-0.66	-0.001677261	1055.82
-0.66	-0.001691818	1056.367
-0.66	-0.001711852	1056.913
-0.66	-0.001728883	1057.46
-0.66	-0.00173578	1058.007
-0.66	-0.001728753	1058.554
-0.66	-0.001718803	1059.101
-0.66	-0.001653299	1059.647
-0.66	-0.001590861	1060.193
-0.64	-0.001585486	1060.74
-0.64	-0.001593651	1061.288
-0.64	-0.001595768	1061.834
-0.64	-0.001610561	1062.381
-0.64	-0.001615492	1062.928
-0.64	-0.001597365	1063.475
-0.64	-0.001553394	1064.021
-0.64	-0.001624887	1064.568
-0.64	-0.001661456	1065.115
-0.64	-0.001722575	1065.663
-0.62	-0.001716213	1066.209
-0.62	-0.001716239	1066.756
-0.62	-0.001727228	1067.303
-0.62	-0.001755023	1067.85
-0.62	-0.00180661	1068.396
-0.62	-0.001874814	1068.943
-0.62	-0.001946582	1069.49
-0.62	-0.002006657	1070.037
-0.62	-0.002065057	1070.584
-0.62	-0.002122293	1071.132
-0.6	-0.002107727	1071.679
-0.6	-0.002133917	1072.226
-0.6	-0.002204921	1072.772
-0.6	-0.002249335	1073.319
-0.6	-0.00230195	1073.867
-0.6	-0.002332994	1074.413
-0.6	-0.002343878	1074.96
-0.6	-0.002329151	1075.507
-0.6	-0.002294854	1076.054
-0.6	-0.002230094	1076.602
-0.58	-0.002144458	1077.148
-0.58	-0.00208387	1077.695
-0.58	-0.002034372	1078.243
-0.58	-0.00199962	1078.789
-0.58	-0.00198029	1079.336
-0.58	-0.001973087	1079.882
-0.58	-0.001969616	1080.429
-0.58	-0.001966581	1080.975
-0.58	-0.001968177	1081.521
-0.58	-0.00196967	1082.067
-0.56	-0.001955756	1082.613
-0.56	-0.00193221	1083.159
-0.56	-0.001890831	1083.705
-0.56	-0.001842072	1084.252
-0.56	-0.001791434	1084.799
-0.56	-0.001738163	1085.346
-0.56	-0.00169089	1085.893
-0.56	-0.001645676	1086.439
-0.56	-0.001598393	1086.987
-0.56	-0.00156343	1087.533
-0.54	-0.001526906	1088.08
-0.54	-0.001511823	1088.626
-0.54	-0.001502767	1089.173
-0.54	-0.001502575	1089.72
-0.54	-0.001503633	1090.267
-0.54	-0.001504565	1090.813
-0.54	-0.001503184	1091.361
-0.54	-0.001500922	1091.907
-0.54	-0.001495589	1092.453
-0.54	-0.001491681	1093
-0.52	-0.001474548	1093.547
-0.52	-0.001475011	1094.094
-0.52	-0.001482303	1094.641
-0.52	-0.001490127	1095.187
-0.52	-0.001506081	1095.734
-0.52	-0.001534585	1096.28
-0.52	-0.00157365	1096.827
-0.52	-0.001621926	1097.374
-0.52	-0.001671896	1097.921
-0.52	-0.001705886	1098.468
-0.5	-0.00171777	1099.014
-0.5	-0.001759562	1099.561
-0.5	-0.001796989	1100.108
-0.5	-0.001825168	1100.656
-0.5	-0.001847509	1101.204
-0.5	-0.001872861	1101.752
-0.5	-0.001893251	1102.3
-0.5	-0.001904989	1102.847
-0.5	-0.0019178	1103.395
-0.5	-0.00194167	1103.941
-0.48	-0.001962998	1104.489
-0.48	-0.002010248	1105.036
-0.48	-0.002071899	1105.582
-0.48	-0.002150244	1106.129
-0.48	-0.002228467	1106.676
-0.48	-0.002288212	1107.223
-0.48	-0.002326351	1107.77
-0.48	-0.002344363	1108.315
-0.48	-0.002346996	1108.861
-0.48	-0.002343387	1109.407
-0.46	-0.002337364	1109.954
-0.46	-0.002350264	1110.501
-0.46	-0.002350143	1111.047
-0.46	-0.002321158	1111.594
-0.46	-0.002282888	1112.141
-0.46	-0.002241275	1112.687
-0.46	-0.002216558	1113.233
-0.46	-0.002214007	1113.781
-0.46	-0.002220713	1114.327
-0.46	-0.002256212	1114.874
-0.44	-0.002300996	1115.421
-0.44	-0.002361335	1115.968
-0.44	-0.00239923	1116.516
-0.44	-0.002414313	1117.063
-0.44	-0.002430034	1117.609
-0.44	-0.002459067	1118.156
-0.44	-0.002492411	1118.703
-0.44	-0.002513268	1119.25
-0.44	-0.002520946	1119.797
-0.44	-0.00251957	1120.344
-0.42	-0.002503666	1120.891
-0.42	-0.002528236	1121.437
-0.42	-0.002560503	1121.984
-0.42	-0.002552272	1122.531
-0.42	-0.00253316	1123.078
-0.42	-0.002515648	1123.625
-0.42	-0.002497133	1124.172
-0.42	-0.002480401	1124.719
-0.42	-0.00246768	1125.265
-0.42	-0.002458179	1125.812
-0.4	-0.002429764	1126.358
-0.4	-0.002399765	1126.905
-0.4	-0.002348589	1127.452
-0.4	-0.002287146	1127.999
-0.4	-0.002214165	1128.546
-0.4	-0.00213325	1129.094
-0.4	-0.002058043	1129.64
-0.4	-0.002019693	1130.187
-0.4	-0.002011578	1130.734
-0.4	-0.002014521	1131.281
-0.38	-0.002026447	1131.828
-0.38	-0.002067276	1132.374
-0.38	-0.002116201	1132.92
-0.38	-0.002159338	1133.467
-0.38	-0.002190464	1134.014
-0.38	-0.002211136	1134.561
-0.38	-0.002225954	1135.107
-0.38	-0.0022309	1135.654
-0.38	-0.002207191	1136.201
-0.38	-0.002199533	1136.748
-0.36	-0.002189465	1137.294
-0.36	-0.00222714	1137.842
-0.36	-0.002263965	1138.389
-0.36	-0.002251785	1138.936
-0.36	-0.002234976	1139.482
-0.36	-0.002222936	1140.029
-0.36	-0.00222379	1140.576
-0.36	-0.002236057	1141.123
-0.36	-0.002255072	1141.67
-0.36	-0.002281917	1142.218
-0.34	-0.002302297	1142.764
-0.34	-0.002334711	1143.311
-0.34	-0.002364442	1143.857
-0.34	-0.002391555	1144.404
-0.34	-0.002419738	1144.951
-0.34	-0.002445134	1145.498
-0.34	-0.002471078	1146.045
-0.34	-0.002496036	1146.592
-0.34	-0.002516183	1147.138
-0.34	-0.002528425	1147.685
-0.32	-0.002515902	1148.231
-0.32	-0.002511022	1148.778
-0.32	-0.002503994	1149.325
-0.32	-0.002503074	1149.872
-0.32	-0.002509014	1150.419
-0.32	-0.002518893	1150.966
-0.32	-0.002533608	1151.513
-0.32	-0.002548939	1152.06
-0.32	-0.002560236	1152.606
-0.32	-0.002563198	1153.153
-0.3	-0.002547875	1153.7
-0.3	-0.002546886	1154.247
-0.3	-0.002545865	1154.794
-0.3	-0.002544233	1155.342
-0.3	-0.002541389	1155.888
-0.3	-0.002537027	1156.436
-0.3	-0.002536496	1156.982
-0.3	-0.002536343	1157.529
-0.3	-0.00253552	1158.076
-0.3	-0.002535887	1158.624
-0.28	-0.002521278	1159.171
-0.28	-0.002514795	1159.717
-0.28	-0.002500664	1160.264
-0.28	-0.002499184	1160.811
-0.28	-0.002497553	1161.356
-0.28	-0.002493328	1161.903
-0.28	-0.00249021	1162.45
-0.28	-0.002488885	1162.997
-0.28	-0.002478	1163.545
-0.28	-0.002458044	1164.092
-0.26	-0.002412969	1164.639
-0.26	-0.002378785	1165.186
-0.26	-0.002351789	1165.732
-0.26	-0.002336459	1166.279
-0.26	-0.002331531	1166.826
-0.26	-0.002336095	1167.373
-0.26	-0.002333145	1167.919
-0.26	-0.002319341	1168.466
-0.26	-0.002288488	1169.013
-0.26	-0.002242497	1169.56
-0.24	-0.002153058	1170.106
-0.24	-0.002104778	1170.653
-0.24	-0.002066348	1171.2
-0.24	-0.002044671	1171.746
-0.24	-0.002031616	1172.292
-0.24	-0.002026609	1172.839
-0.24	-0.002018709	1173.385
-0.24	-0.002013431	1173.932
-0.24	-0.002001084	1174.479
-0.24	-0.002000635	1175.025
-0.22	-0.001983357	1175.572
-0.22	-0.00198093	1176.119
-0.22	-0.001977785	1176.666
-0.22	-0.001976896	1177.212
-0.22	-0.001977949	1177.759
-0.22	-0.001977712	1178.306
-0.22	-0.001974963	1178.852
-0.22	-0.001849863	1179.397
-0.22	-0.001659155	1179.943
-0.22	-0.001787651	1180.49
-0.2	-0.001865442	1181.037
-0.2	-0.001842817	1181.584
-0.2	-0.001848793	1182.13
-0.2	-0.001826128	1182.678
-0.2	-0.001824905	1183.225
-0.2	-0.001862233	1183.771
-0.2	-0.001845123	1184.319
-0.2	-0.001835569	1184.865
-0.2	-0.001838951	1185.412
-0.2	-0.001836944	1185.96
-0.18	-0.00181056	1186.507
-0.18	-0.001782709	1187.054
-0.18	-0.001741664	1187.601
-0.18	-0.001703395	1188.147
-0.18	-0.001686274	1188.694
-0.18	-0.001694186	1189.239
-0.18	-0.001710922	1189.786
-0.18	-0.001719937	1190.332
-0.18	-0.001714647	1190.879
-0.18	-0.001692245	1191.426
-0.16	-0.001642514	1191.973
-0.16	-0.001611639	1192.52
-0.16	-0.001587451	1193.066
-0.16	-0.001572621	1193.613
-0.16	-0.001567693	1194.159
-0.16	-0.001573631	1194.706
-0.16	-0.001589313	1195.253
-0.16	-0.001604575	1195.8
-0.16	-0.001612563	1196.347
-0.16	-0.001607539	1196.894
-0.14	-0.00158072	1197.44
-0.14	-0.001571798	1197.988
-0.14	-0.001568491	1198.535
-0.14	-0.001573935	1199.082
-0.14	-0.00159095	1199.629
-0.14	-0.001615968	1200.176
-0.14	-0.001639678	1200.723
-0.14	-0.001653803	1201.27
-0.14	-0.001651042	1201.816
-0.14	-0.001624575	1202.364
-0.12	-0.001567146	1202.91
-0.12	-0.001517826	1203.456
-0.12	-0.001448776	1204.003
-0.12	-0.001398375	1204.549
-0.12	-0.001358893	1205.096
-0.12	-0.001331165	1205.643
-0.12	-0.001313264	1206.189
-0.12	-0.001301416	1206.736
-0.12	-0.001295944	1207.283
-0.12	-0.001288849	1207.829
-0.1	-0.001260069	1208.376
-0.1	-0.001242824	1208.923
-0.1	-0.001220934	1209.47
-0.1	-0.001194622	1210.017
-0.1	-0.001169685	1210.563
-0.1	-0.001148188	1211.111
-0.1	-0.001131277	1211.658
-0.1	-0.001119937	1212.205
-0.1	-0.001113553	1212.752
-0.1	-0.001099873	1213.299
-0.08	-0.001075547	1213.846
-0.08	-0.001072268	1214.392
-0.08	-0.001068778	1214.939
-0.08	-0.001065254	1215.485
-0.08	-0.001060267	1216.031
-0.08	-0.001054871	1216.578
-0.08	-0.00104956	1217.125
-0.08	-0.001045695	1217.671
-0.08	-0.00104276	1218.218
-0.08	-0.001040688	1218.764
-0.06	-0.001020799	1219.31
-0.06	-0.001020813	1219.855
-0.06	-0.0009998421	1220.47
-0.06	-0.00102223	1221.049
-0.06	-0.001019204	1221.595
-0.06	-0.001016252	1222.142
-0.06	-0.0009944458	1222.687
-0.06	-0.001017618	1223.234
-0.06	-0.001017603	1223.78
-0.06	-0.001006972	1224.327
-0.04	-0.0009879584	1224.874
-0.04	-0.0009854583	1225.421
-0.04	-0.0009877725	1225.967
-0.04	-0.0009856109	1226.514
-0.04	-0.0009841243	1227.061
-0.04	-0.0009813888	1227.607
-0.04	-0.0009778728	1228.154
-0.04	-0.0009793376	1228.701
-0.04	-0.0009809296	1229.247
-0.04	-0.0009777506	1229.793
-0.02	-0.0009515262	1230.34
-0.02	-0.0009531943	1230.886
-0.02	-0.0009411135	1231.433
-0.02	-0.0009395062	1231.979
-0.02	-0.0009430897	1232.526
-0.02	-0.0009434308	1233.073
-0.02	-0.000944808	1233.62
-0.02	-0.0009430677	1234.167
-0.02	-0.0009434957	1234.715
-0.02	-0.0009434536	1235.262
0	-0.0009117287	1235.808
0	-0.0009109045	1236.355
0	-0.0009095573	1236.903
0	-0.0009089977	1237.451
0	-0.0009091669	1237.999
0	-0.0009088616	1238.546
0	-0.0009075954	1239.093
0	-0.0009082354	1239.641
0	-0.0009070309	1240.188
0	-0.0009050564	1240.736
0.02	-0.0008673802	1241.284
0.02	-0.0008666576	1241.831
0.02	-0.0008658791	1242.378
0.02	-0.0008647932	1242.925
0.02	-0.0008644661	1243.472
0.02	-0.0008637125	1244.018
0.02	-0.0008633038	1244.564
0.02	-0.0008630112	1245.111
0.02	-0.0008625606	1245.658
0.02	-0.0008609368	1246.205
0.04	-0.0008096139	1246.751
0.04	-0.0008083658	1247.298
0.04	-0.0008085438	1247.845
0.04	-0.0008099546	1248.393
0.04	-0.0008082925	1248.939
0.04	-0.0008077367	1249.486
0.04	-0.0008040607	1250.033
0.04	-0.000802992	1250.58
0.04	-0.0008142554	1251.127
0.04	-0.0008181708	1251.674
0.06	-0.0007699145	1252.221
0.06	-0.0007678832	1252.768
0.06	-0.0007664646	1253.314
0.06	-0.0007652726	1253.861
0.06	-0.0007639072	1254.408
0.06	-0.0007621418	1254.955
0.06	-0.0007600547	1255.502
0.06	-0.0007582389	1256.049
0.06	-0.0007581742	1256.596
0.06	-0.0007568985	1257.144
0.08	-0.0006984586	1257.69
0.08	-0.0006994249	1258.237
0.08	-0.0006991352	1258.783
0.08	-0.0007004396	1259.33
0.08	-0.0006994909	1259.877
0.08	-0.0006975758	1260.424
0.08	-0.0006919088	1260.971
0.08	-0.0006869971	1261.518
0.08	-0.0006839685	1262.064
0.08	-0.000683626	1262.61
0.1	-0.0006153288	1263.156
0.1	-0.0006016505	1263.703
0.1	-0.0005943076	1264.25
0.1	-0.0006252493	1264.797
0.1	-0.0006288592	1265.344
0.1	-0.0006291626	1265.891
0.1	-0.0006231234	1266.437
0.1	-0.0006236049	1266.985
0.1	-0.0006311084	1267.532
0.1	-0.0006220429	1268.08
0.12	-0.0005391419	1268.627
0.12	-0.0005390594	1269.174
0.12	-0.0005394871	1269.721
0.12	-0.0005403289	1270.268
0.12	-0.0005429353	1270.814
0.12	-0.0005435853	1271.361
0.12	-0.0005423639	1271.908
0.12	-0.0005425198	1272.455
0.12	-0.0005438159	1273.002
0.12	-0.0005445921	1273.549
0.14	-0.0004480833	1274.096
0.14	-0.0004483012	1274.644
0.14	-0.0004491103	1275.19
0.14	-0.0004495102	1275.737
0.14	-0.000450203	1276.284
0.14	-0.000450876	1276.831
0.14	-0.0004514063	1277.378
0.14	-0.0004523651	1277.925
0.14	-0.0004532318	1278.472
0.14	-0.0004543234	1279.019
0.16	-0.0003369258	1279.566
0.16	-0.0003380384	1280.113
0.16	-0.0003395843	1280.66
0.16	-0.0003409279	1281.207
0.16	-0.0003430769	1281.754
0.16	-0.0003449307	1282.301
0.16	-0.0003464044	1282.848
0.16	-0.0003484889	1283.395
0.16	-0.0003504199	1283.94
0.16	-0.0003524148	1284.487
0.18	-0.0002111225	1285.034
0.18	-0.0002134423	1285.58
0.18	-0.0002152289	1286.127
0.18	-0.0002172403	1286.674
0.18	-0.0002197317	1287.221
0.18	-0.0002218428	1287.768
0.18	-0.0002237652	1288.314
0.18	-0.0002253019	1288.86
0.18	-0.0002267949	1289.407
0.18	-0.0002296587	1289.954
0.2	-6.592805E-05	1290.573
0.2	-7.580118E-05	1291.148
0.2	-7.733578E-05	1291.695
0.2	-7.832525E-05	1292.242
0.2	-7.903139E-05	1292.789
0.2	-7.859182E-05	1293.336
0.2	-7.75563E-05	1293.883
0.2	-7.705412E-05	1294.43
0.2	-7.695064E-05	1294.977
0.2	-7.729341E-05	1295.524
0.22	0.0001332416	1296.207
0.22	0.0001385287	1296.768
0.22	0.0001428405	1297.314
0.22	0.0001435778	1297.861
0.22	0.000147126	1298.408
0.22	0.0001430636	1298.955
0.22	0.0001432996	1299.502
0.22	0.000149144	1300.049
0.22	0.000153284	1300.596
0.22	0.0001539553	1301.143
0.24	0.0004060683	1301.688
0.24	0.0004062169	1302.236
0.24	0.0004068751	1302.783
0.24	0.0004065169	1303.33
0.24	0.0004067617	1303.877
0.24	0.0004064671	1304.424
0.24	0.0004062298	1304.971
0.24	0.0004060282	1305.518
0.24	0.0004062609	1306.065
0.24	0.0004068108	1306.611
0.26	0.0007200543	1307.158
0.26	0.0007209547	1307.705
0.26	0.0007216114	1308.252
0.26	0.0007221618	1308.799
0.26	0.0007219107	1309.347
0.26	0.000720847	1309.892
0.26	0.0007189366	1310.439
0.26	0.0007178556	1310.986
0.26	0.0007165479	1311.533
0.26	0.0007146355	1312.08
0.28	0.00108673	1312.761
0.28	0.001083016	1313.324
0.28	0.00107809	1313.871
0.28	0.001072728	1314.418
0.28	0.001067955	1314.965
0.28	0.001064513	1315.512
0.28	0.001061106	1316.059
0.28	0.001053208	1316.604
0.28	0.00104629	1317.152
0.28	0.001041557	1317.697
0.3	0.001513851	1318.244
0.3	0.001540964	1318.791
0.3	0.001545354	1319.338
0.3	0.001521572	1319.885
0.3	0.001498426	1320.432
0.3	0.001468052	1320.979
0.3	0.001423595	1321.526
0.3	0.001368198	1322.074
0.3	0.001334648	1322.621
0.3	0.001284675	1323.168
0.32	0.001830842	1323.715
0.32	0.001796689	1324.262
0.32	0.001770888	1324.809
0.32	0.001754417	1325.354
0.32	0.001748897	1325.9
0.32	0.001760793	1326.447
0.32	0.001779567	1326.994
0.32	0.001756408	1327.541
0.32	0.001747413	1328.088
0.32	0.001667533	1328.635
0.34	0.002312121	1329.181
0.34	0.002243844	1329.728
0.34	0.002202897	1330.275
0.34	0.002189798	1330.822
0.34	0.002193438	1331.369
0.34	0.002210629	1331.916
0.34	0.002222123	1332.463
0.34	0.00222119	1333.01
0.34	0.002207704	1333.557
0.34	0.002191328	1334.104
0.36	0.003095646	1334.65
0.36	0.00309437	1335.198
0.36	0.003107086	1335.745
0.36	0.003136157	1336.292
0.36	0.003177003	1336.839
0.36	0.003217021	1337.386
0.36	0.003255455	1337.933
0.36	0.003292833	1338.479
0.36	0.003326091	1339.024
0.36	0.003352719	1339.572
0.38	0.004509512	1340.119
0.38	0.004503028	1340.666
0.38	0.004472637	1341.212
0.38	0.004422403	1341.758
0.38	0.004361297	1342.304
0.38	0.0042923	1342.852
0.38	0.004223024	1343.398
0.38	0.004162025	1344.029
0.38	0.004122365	1344.591
0.38	0.004091031	1345.137
0.4	0.005577323	1345.684
0.4	0.005572383	1346.23
0.4	0.005593509	1347.056
0.4	0.005623703	1347.624
0.4	0.005661941	1348.171
0.4	0.005703554	1348.718
0.4	0.005737734	1349.265
0.4	0.005762531	1349.812
0.4	0.00577811	1350.359
0.4	0.005786215	1350.906
0.42	0.007729449	1351.452
0.42	0.007722515	1351.999
0.42	0.007711641	1352.545
0.42	0.007694631	1353.092
0.42	0.007669328	1353.638
0.42	0.007637975	1354.185
0.42	0.007606761	1354.73
0.42	0.007581478	1355.277
0.42	0.007562822	1355.824
0.42	0.00755523	1356.371
0.44	0.01023508	1356.918
0.44	0.01024631	1357.466
0.44	0.01026156	1358.011
0.44	0.01030646	1358.558
0.44	0.01038095	1359.104
0.44	0.01041294	1359.651
0.44	0.01039891	1360.197
0.44	0.01040467	1360.745
0.44	0.01040038	1361.292
0.44	0.01040887	1361.838
0.46	0.01414559	1362.519
0.46	0.01418798	1363.171
0.46	0.01423601	1363.729
0.46	0.01429733	1364.274
0.46	0.01435887	1364.821
0.46	0.01442262	1365.368
0.46	0.01448538	1365.915
0.46	0.01454074	1366.462
0.46	0.01458619	1367.01
0.46	0.01462708	1367.556
0.48	0.01993631	1368.104
0.48	0.01997082	1368.65
0.48	0.01999227	1369.197
0.48	0.02000252	1369.744
0.48	0.01999775	1370.291
0.48	0.01999416	1370.839
0.48	0.0200031	1371.386
0.48	0.02001039	1371.933
0.48	0.02001574	1372.479
0.48	0.02002228	1373.025
0.5	0.02792919	1373.572
0.5	0.02793702	1374.12
0.5	0.02793749	1374.667
0.5	0.02793752	1375.214
0.5	0.02794328	1375.762
0.5	0.02793838	1376.308
0.5	0.02793541	1376.855
0.5	0.02793369	1377.402
0.5	0.02792403	1377.95
0.5	0.02791346	1378.498
0.52	0.03934332	1379.045
0.52	0.03932514	1379.591
0.52	0.0393083	1380.139
0.52	0.03930023	1380.685
0.52	0.03929546	1381.231
0.52	0.03929539	1381.778
0.52	0.03930305	1382.325
0.52	0.03930712	1382.872
0.52	0.03931595	1383.42
0.52	0.03932423	1383.965
0.54	0.0559615	1384.513
0.54	0.05596751	1385.059
0.54	0.05597787	1385.606
0.54	0.05598423	1386.153
0.54	0.05599001	1386.7
0.54	0.0560007	1387.247
0.54	0.05599616	1387.794
0.54	0.05601063	1388.341
0.54	0.05600749	1388.888
0.54	0.05600192	1389.435
0.56	0.07816453	1389.98
0.56	0.07817349	1390.527
0.56	0.07816644	1391.074
0.56	0.07817816	1391.621
0.56	0.07818821	1392.168
0.56	0.07819866	1392.716
0.56	0.07818621	1393.263
0.56	0.07816859	1393.808
0.56	0.07815821	1394.354
0.56	0.0781627	1394.901
0.58	0.1060122	1395.516
0.58	0.1060169	1396.095
0.58	0.1060105	1396.643
0.58	0.1060037	1397.188
0.58	0.1060093	1397.735
0.58	0.1060269	1398.282
0.58	0.1060591	1398.829
0.58	0.1060548	1399.376
0.58	0.106056	1399.923
0.58	0.1060353	1400.47
0.6	0.140262	1401.016
0.6	0.1403076	1401.563
0.6	0.140333	1402.11
0.6	0.1403599	1402.657
0.6	0.1403641	1403.204
0.6	0.140402	1403.751
0.6	0.1404218	1404.298
0.6	0.1404362	1404.845
0.6	0.1404408	1405.393
0.6	0.1404603	1405.939
0.62	0.1787806	1406.486
0.62	0.1787913	1407.033
0.62	0.178806	1407.58
0.62	0.1788292	1408.127
0.62	0.1788327	1408.674
0.62	0.1788493	1409.221
0.62	0.1788465	1409.768
0.62	0.1788449	1410.314
0.62	0.1788384	1410.861
0.62	0.178841	1411.408
0.64	0.2219357	1411.955
0.64	0.2219477	1412.502
0.64	0.2219687	1413.05
0.64	0.2219978	1413.596
0.64	0.2220332	1414.143
0.64	0.2220335	1414.689
0.64	0.2220842	1415.236
0.64	0.2221079	1415.783
0.64	0.2221427	1416.33
0.64	0.2221559	1416.877
0.66	0.2677422	1417.423
0.66	0.2677719	1417.971
0.66	0.2677904	1418.518
0.66	0.2678081	1419.064
0.66	0.2678382	1419.611
0.66	0.267865	1420.158
0.66	0.2678887	1420.705
0.66	0.2679043	1421.251
0.66	0.2679418	1421.798
0.66	0.2679502	1422.346
0.68	0.3169281	1422.893
0.68	0.3169713	1423.439
0.68	0.3169883	1423.985
0.68	0.3170021	1424.532
0.68	0.3170251	1425.079
0.68	0.3170689	1425.626
0.68	0.3170899	1426.174
0.68	0.3171311	1426.72
0.68	0.3171405	1427.267
0.68	0.317178	1427.813
0.7	0.367444	1428.36
0.7	0.3674607	1428.907
0.7	0.3675453	1429.454
0.7	0.3675441	1430.002
0.7	0.3675544	1430.549
0.7	0.3676087	1431.096
0.7	0.3676287	1431.643
0.7	0.3676586	1432.188
0.7	0.3677159	1432.735
0.7	0.3677565	1433.282
0.72	0.4206928	1433.829
0.72	0.4207346	1434.376
0.72	0.4207999	1434.924
0.72	0.4207978	1435.47
0.72	0.4208427	1436.016
0.72	0.4209025	1436.562
0.72	0.4209197	1437.109
0.72	0.4209543	1437.656
0.72	0.4209986	1438.203
0.72	0.421043	1438.75
0.74	0.4745814	1439.298
0.74	0.4746259	1439.844
0.74	0.4746707	1440.391
0.74	0.4746948	1440.938
0.74	0.4747362	1441.484
0.74	0.4747615	1442.031
0.74	0.4748101	1442.578
0.74	0.4748418	1443.125
0.74	0.4749032	1443.672
0.74	0.4749498	1444.22
0.76	0.5305931	1444.767
0.76	0.530647	1445.313
0.76	0.5306766	1445.86
0.76	0.5307117	1446.407
0.76	0.5307726	1446.955
0.76	0.5308252	1447.501
0.76	0.5308504	1448.049
0.76	0.5308766	1448.595
0.76	0.5309086	1449.142
0.76	0.5309518	1449.688
0.78	0.5876312	1450.235
0.78	0.5876653	1450.781
0.78	0.5876832	1451.328
0.78	0.587741	1451.876
0.78	0.5877755	1452.422
0.78	0.5878396	1452.968
0.78	0.5878966	1453.515
0.78	0.5879321	1454.062
0.78	0.5879731	1454.608
0.78	0.588052	1455.155
0.8	0.6446821	1455.702
0.8	0.6447094	1456.25
0.8	0.6447441	1456.797
0.8	0.6448001	1457.344
0.8	0.6448721	1457.892
0.8	0.6449228	1458.438
0.8	0.6449631	1458.985
0.8	0.6450408	1459.532
0.8	0.6450908	1460.079
0.8	0.6451587	1460.627
0.82	0.7035109	1461.175
0.82	0.7035368	1461.722
0.82	0.7035965	1462.269
0.82	0.7036338	1462.815
0.82	0.7036868	1463.362
0.82	0.70374	1463.909
0.82	0.7038056	1464.456
0.82	0.7038894	1465.004
0.82	0.7039165	1465.55
0.82	0.7039917	1466.098
0.84	0.7620366	1466.645
0.84	0.7620509	1467.191
0.84	0.7621043	1467.738
0.84	0.7621413	1468.285
0.84	0.7622087	1468.832
0.84	0.7622627	1469.378
0.84	0.7623159	1469.926
0.84	0.7623963	1470.473
0.84	0.762473	1471.019
0.84	0.762542	1471.565
0.86	0.8221201	1472.112
0.86	0.8220509	1472.659
0.86	0.8220626	1473.206
0.86	0.8221346	1473.754
0.86	0.822193	1474.299
0.86	0.8222778	1474.847
0.86	0.8223694	1475.393
0.86	0.8224505	1475.939
0.86	0.8225204	1476.486
0.86	0.8225795	1477.033
0.88	0.8816566	1477.58
0.88	0.8815886	1478.128
0.88	0.8816305	1478.675
0.88	0.8817265	1479.221
0.88	0.8817686	1479.768
0.88	0.8818445	1480.314
0.88	0.8819539	1480.86
0.88	0.8820122	1481.407
0.88	0.8820996	1481.954
0.88	0.8822002	1482.502
0.9	0.9427846	1483.048
0.9	0.9425938	1483.596
0.9	0.9426121	1484.143
0.9	0.9426486	1484.689
0.9	0.9427236	1485.236
0.9	0.9427993	1485.783
0.9	0.9428442	1486.33
0.9	0.9429408	1486.877
0.9	0.9429994	1487.425
0.9	0.9430758	1487.972
0.92	0.9999524	1488.519
0.92	0.999948	1489.065
0.92	0.9999512	1489.612
0.92	0.9999509	1490.159
0.92	0.999952	1490.706
0.92	0.9999565	1491.254
0.92	0.9999514	1491.801
0.92	0.9999554	1492.348
0.92	0.9999511	1492.895
0.92	0.9999519	1493.441
0.94	0.9999507	1493.988
0.94	0.99995	1494.535
0.94	0.9999519	1495.082
0.94	0.9999478	1495.629
0.94	0.9999527	1496.176
0.94	0.9999488	1496.723
0.94	0.9999531	1497.27
0.94	0.9999511	1497.816
0.94	0.9999447	1498.363
0.94	0.9999554	1498.91
0.96	0.9999514	1499.457
0.96	0.9999544	1500.005
0.96	0.9999524	1500.552
0.96	0.9999531	1501.099
0.96	0.9999519	1501.646
0.96	0.9999514	1502.192
0.96	0.9999529	1502.739
0.96	0.999954	1503.286
0.96	0.9999543	1503.833
0.96	0.9999482	1504.381
0.98	0.999955	1504.928
0.98	0.9999545	1505.475
0.98	0.9999519	1506.021
0.98	0.9999551	1506.568
0.98	0.9999545	1507.115
0.98	0.9999508	1507.663
0.98	0.9999501	1508.209
0.98	0.9999537	1508.755
0.98	0.9999495	1509.301
0.98	0.9999514	1509.847
1	0.9999524	1510.391
1	0.9999503	1510.938
1	0.9999471	1511.486
1	0.9999519	1512.033
1	0.9999501	1512.58
1	0.9999508	1513.127
1	0.9999513	1513.674
1	0.9999493	1514.221
1	0.9999459	1514.768
1	0.999949	1515.314
