Messtemperatur      21∞C
U-Bereich           -1V   bis 1V
Anzahl der Meﬂpunkte     100
delay nach Einstellen der Spannung  s
Strombegrenzung     1 A
Kontakt             x
Beleuchtung         d
Kommentar eingeben

voltage / V   current / A   time

-1	-0.1308177	12999.99
-1	-0.1312543	13000.54
-1	-0.1304479	13001.09
-1	-0.1309945	13001.64
-1	-0.1302348	13002.18
-1	-0.1309284	13002.73
-1	-0.1301083	13003.28
-1	-0.1304765	13003.83
-1	-0.130582	13004.37
-1	-0.1307106	13004.92
-0.98	-0.1307849	13005.47
-0.98	-0.1307688	13006.02
-0.98	-0.130633	13006.56
-0.98	-0.1308242	13007.11
-0.98	-0.1304938	13007.66
-0.98	-0.1303939	13008.2
-0.98	-0.130061	13008.75
-0.98	-0.1306085	13009.3
-0.98	-0.1307683	13009.84
-0.98	-0.1304588	13010.39
-0.96	-0.1306317	13010.94
-0.96	-0.1300382	13011.49
-0.96	-0.1310265	13012.03
-0.96	-0.1304179	13012.58
-0.96	-0.1310312	13013.13
-0.96	-0.1301973	13013.67
-0.96	-0.1304478	13014.22
-0.96	-0.1301487	13014.77
-0.96	-0.1302428	13015.32
-0.96	-0.1303799	13015.86
-0.94	-0.1302112	13016.41
-0.94	-0.1301027	13016.96
-0.94	-0.1301733	13017.5
-0.94	-0.1300348	13018.05
-0.94	-0.1306279	13018.6
-0.94	-0.1296574	13019.14
-0.94	-0.1300952	13019.69
-0.94	-0.1294725	13020.24
-0.94	-0.1301618	13020.79
-0.94	-0.1289504	13021.33
-0.92	-0.1297323	13021.88
-0.92	-0.1291376	13022.43
-0.92	-0.1295729	13022.97
-0.92	-0.1291848	13023.52
-0.92	-0.1293089	13024.07
-0.92	-0.1292418	13024.62
-0.92	-0.1293447	13025.16
-0.92	-0.1286829	13025.71
-0.92	-0.12944	13026.26
-0.92	-0.1285976	13026.8
-0.9	-0.1287065	13027.35
-0.9	-0.1280944	13027.9
-0.9	-0.1285757	13028.44
-0.9	-0.1280104	13028.99
-0.9	-0.1280434	13029.54
-0.9	-0.1281029	13030.08
-0.9	-0.1274077	13030.63
-0.9	-0.1277768	13031.18
-0.9	-0.1278008	13031.73
-0.9	-0.1291216	13032.27
-0.88	-0.1288342	13032.82
-0.88	-0.1285811	13033.37
-0.88	-0.1285756	13033.91
-0.88	-0.1287103	13034.46
-0.88	-0.1288042	13035.01
-0.88	-0.1287727	13035.55
-0.88	-0.1284648	13036.1
-0.88	-0.1288726	13036.65
-0.88	-0.128118	13037.2
-0.88	-0.1289562	13037.74
-0.86	-0.1284558	13038.29
-0.86	-0.1293016	13038.84
-0.86	-0.1287296	13039.38
-0.86	-0.128757	13039.93
-0.86	-0.1293615	13040.48
-0.86	-0.1289683	13041.03
-0.86	-0.1290097	13041.57
-0.86	-0.1289717	13042.12
-0.86	-0.1286082	13042.67
-0.86	-0.1283474	13043.21
-0.84	-0.128469	13043.76
-0.84	-0.1285094	13044.31
-0.84	-0.1288532	13044.85
-0.84	-0.1279514	13045.4
-0.84	-0.1286115	13045.95
-0.84	-0.1280775	13046.49
-0.84	-0.1285512	13047.04
-0.84	-0.1280053	13047.59
-0.84	-0.1279952	13048.14
-0.84	-0.1281659	13048.68
-0.82	-0.1277472	13049.23
-0.82	-0.128816	13049.78
-0.82	-0.1286827	13050.32
-0.82	-0.1288514	13050.87
-0.82	-0.1282344	13051.42
-0.82	-0.1281732	13051.97
-0.82	-0.1278564	13052.51
-0.82	-0.1277594	13053.06
-0.82	-0.12698	13053.61
-0.82	-0.1282875	13054.15
-0.8	-0.1274013	13054.7
-0.8	-0.1278155	13055.25
-0.8	-0.1275983	13055.8
-0.8	-0.1281432	13056.34
-0.8	-0.1279298	13056.89
-0.8	-0.127387	13057.44
-0.8	-0.1278147	13057.99
-0.8	-0.1275695	13058.53
-0.8	-0.1275106	13059.08
-0.8	-0.127551	13059.63
-0.78	-0.1273115	13060.18
-0.78	-0.1275308	13060.72
-0.78	-0.1273894	13061.27
-0.78	-0.1273527	13061.82
-0.78	-0.1280079	13062.36
-0.78	-0.1275012	13062.91
-0.78	-0.1281158	13063.46
-0.78	-0.1278441	13064
-0.78	-0.1286574	13064.55
-0.78	-0.128112	13065.1
-0.76	-0.128074	13065.64
-0.76	-0.1287895	13066.19
-0.76	-0.1281816	13066.74
-0.76	-0.1286962	13067.29
-0.76	-0.1284169	13067.83
-0.76	-0.1284499	13068.38
-0.76	-0.1286346	13068.93
-0.76	-0.1285102	13069.47
-0.76	-0.1284869	13070.02
-0.76	-0.1285279	13070.57
-0.74	-0.1281904	13071.12
-0.74	-0.1288442	13071.66
-0.74	-0.127993	13072.21
-0.74	-0.1287021	13072.76
-0.74	-0.1281297	13073.3
-0.74	-0.1285393	13073.85
-0.74	-0.1283912	13074.4
-0.74	-0.1279563	13074.94
-0.74	-0.1281571	13075.49
-0.74	-0.127902	13076.04
-0.72	-0.1277239	13076.58
-0.72	-0.1278226	13077.13
-0.72	-0.1277496	13077.68
-0.72	-0.1278298	13078.23
-0.72	-0.1275843	13078.77
-0.72	-0.1273565	13079.32
-0.72	-0.1274147	13079.87
-0.72	-0.1271822	13080.41
-0.72	-0.1276425	13080.96
-0.72	-0.1267132	13081.51
-0.7	-0.1275732	13082.05
-0.7	-0.1264681	13082.6
-0.7	-0.1270798	13083.15
-0.7	-0.1267546	13083.7
-0.7	-0.1274429	13084.24
-0.7	-0.1275412	13084.79
-0.7	-0.1275269	13085.34
-0.7	-0.1276214	13085.88
-0.7	-0.1279319	13086.43
-0.7	-0.1274476	13086.98
-0.68	-0.127442	13087.53
-0.68	-0.1273564	13088.07
-0.68	-0.127696	13088.62
-0.68	-0.1275572	13089.17
-0.68	-0.127875	13089.71
-0.68	-0.1281216	13090.26
-0.68	-0.1279701	13090.81
-0.68	-0.1282039	13091.35
-0.68	-0.1276576	13091.9
-0.68	-0.1280895	13092.45
-0.66	-0.1273927	13093
-0.66	-0.1277539	13093.54
-0.66	-0.1274884	13094.09
-0.66	-0.1272408	13094.64
-0.66	-0.1272265	13095.18
-0.66	-0.1271266	13095.73
-0.66	-0.1268595	13096.28
-0.66	-0.1272864	13096.82
-0.66	-0.1256734	13097.37
-0.66	-0.1265031	13097.92
-0.64	-0.1264099	13098.46
-0.64	-0.1272388	13099.01
-0.64	-0.1267672	13099.56
-0.64	-0.1272037	13100.11
-0.64	-0.1271489	13100.65
-0.64	-0.1270034	13101.2
-0.64	-0.1272181	13101.75
-0.64	-0.127167	13102.29
-0.64	-0.1272649	13102.84
-0.64	-0.1271797	13103.39
-0.62	-0.1270624	13103.93
-0.62	-0.1273918	13104.48
-0.62	-0.1269156	13105.03
-0.62	-0.1269325	13105.58
-0.62	-0.1269333	13106.12
-0.62	-0.1265217	13106.67
-0.62	-0.1272943	13107.22
-0.62	-0.1262875	13107.76
-0.62	-0.1271488	13108.31
-0.62	-0.1264765	13108.86
-0.6	-0.1269072	13109.4
-0.6	-0.1266422	13109.95
-0.6	-0.1267384	13110.5
-0.6	-0.1269629	13111.05
-0.6	-0.1270071	13111.59
-0.6	-0.1269885	13112.14
-0.6	-0.1272012	13112.69
-0.6	-0.127253	13113.24
-0.6	-0.1277297	13113.78
-0.6	-0.1272138	13114.33
-0.58	-0.1276086	13114.88
-0.58	-0.127237	13115.43
-0.58	-0.1274154	13115.97
-0.58	-0.1275846	13116.52
-0.58	-0.1272138	13117.07
-0.58	-0.1280966	13117.61
-0.58	-0.1272893	13118.16
-0.58	-0.1277807	13118.71
-0.58	-0.1274365	13119.25
-0.58	-0.1273522	13119.8
-0.56	-0.1272159	13120.35
-0.56	-0.1272931	13120.9
-0.56	-0.12711	13121.44
-0.56	-0.1273917	13121.99
-0.56	-0.1265853	13122.54
-0.56	-0.1272487	13123.08
-0.56	-0.1267417	13123.63
-0.56	-0.1273618	13124.18
-0.56	-0.1270248	13124.73
-0.56	-0.1268287	13125.27
-0.54	-0.1272028	13125.82
-0.54	-0.1266544	13126.37
-0.54	-0.1272636	13126.91
-0.54	-0.1264127	13127.46
-0.54	-0.1270695	13128.01
-0.54	-0.1265814	13128.55
-0.54	-0.1266629	13129.1
-0.54	-0.1268277	13129.65
-0.54	-0.1272807	13130.2
-0.54	-0.1268189	13130.74
-0.52	-0.1270745	13131.29
-0.52	-0.1268548	13131.84
-0.52	-0.1276951	13132.38
-0.52	-0.126565	13132.93
-0.52	-0.1272188	13133.48
-0.52	-0.1269197	13134.03
-0.52	-0.1269741	13134.57
-0.52	-0.1271002	13135.12
-0.52	-0.1268687	13135.67
-0.52	-0.1274963	13136.21
-0.5	-0.1269885	13136.76
-0.5	-0.1269379	13137.31
-0.5	-0.1271116	13137.85
-0.5	-0.1266266	13138.4
-0.5	-0.1265317	13138.95
-0.5	-0.1269736	13139.5
-0.5	-0.1263199	13140.04
-0.5	-0.1265869	13140.59
-0.5	-0.125624	13141.14
-0.5	-0.126581	13141.69
-0.48	-0.1261245	13142.24
-0.48	-0.1267139	13142.78
-0.48	-0.126133	13143.33
-0.48	-0.1265004	13143.88
-0.48	-0.1263503	13144.42
-0.48	-0.1262203	13144.97
-0.48	-0.1264118	13145.52
-0.48	-0.1263798	13146.06
-0.48	-0.1262924	13146.61
-0.48	-0.1262368	13147.16
-0.46	-0.1260668	13147.71
-0.46	-0.126065	13148.25
-0.46	-0.1259972	13148.8
-0.46	-0.125418	13149.35
-0.46	-0.1259977	13149.89
-0.46	-0.1255581	13150.44
-0.46	-0.1259752	13150.99
-0.46	-0.1252395	13151.53
-0.46	-0.1262958	13152.08
-0.46	-0.1255154	13152.63
-0.44	-0.1255602	13153.17
-0.44	-0.1254564	13153.72
-0.44	-0.1256276	13154.27
-0.44	-0.1257044	13154.82
-0.44	-0.126022	13155.36
-0.44	-0.1261515	13155.91
-0.44	-0.1261962	13156.46
-0.44	-0.1259018	13157
-0.44	-0.1266219	13157.55
-0.44	-0.1260398	13158.1
-0.42	-0.126381	13158.65
-0.42	-0.1258972	13159.19
-0.42	-0.1261013	13159.74
-0.42	-0.1266197	13160.29
-0.42	-0.1259271	13160.83
-0.42	-0.1266737	13161.38
-0.42	-0.1262241	13161.93
-0.42	-0.1263873	13162.48
-0.42	-0.1264353	13163.02
-0.42	-0.1263248	13163.57
-0.4	-0.1262633	13164.12
-0.4	-0.1263443	13164.66
-0.4	-0.1262654	13165.21
-0.4	-0.1269272	13165.76
-0.4	-0.1265754	13166.31
-0.4	-0.1268618	13166.85
-0.4	-0.1267092	13167.4
-0.4	-0.1267019	13167.95
-0.4	-0.1269229	13168.5
-0.4	-0.1260895	13169.04
-0.38	-0.1270479	13169.59
-0.38	-0.1265644	13170.14
-0.38	-0.1267619	13170.68
-0.38	-0.1264881	13171.23
-0.38	-0.126262	13171.78
-0.38	-0.1257782	13172.33
-0.38	-0.1254535	13172.87
-0.38	-0.1251898	13173.42
-0.38	-0.1256364	13173.97
-0.38	-0.124994	13174.51
-0.36	-0.1255774	13175.06
-0.36	-0.1257751	13175.61
-0.36	-0.1261573	13176.15
-0.36	-0.1260051	13176.7
-0.36	-0.1255605	13177.25
-0.36	-0.1267428	13177.8
-0.36	-0.1260008	13178.34
-0.36	-0.1269289	13178.89
-0.36	-0.1265037	13179.44
-0.36	-0.1266888	13179.98
-0.34	-0.1269196	13180.53
-0.34	-0.1265817	13181.08
-0.34	-0.1267272	13181.62
-0.34	-0.1269268	13182.17
-0.34	-0.1264712	13182.72
-0.34	-0.1267488	13183.27
-0.34	-0.1262105	13183.81
-0.34	-0.1259073	13184.36
-0.34	-0.125824	13184.91
-0.34	-0.1258258	13185.45
-0.32	-0.1265935	13186
-0.32	-0.1258351	13186.55
-0.32	-0.1264487	13187.09
-0.32	-0.1260511	13187.64
-0.32	-0.1262084	13188.19
-0.32	-0.1259355	13188.74
-0.32	-0.1259064	13189.28
-0.32	-0.1259937	13189.83
-0.32	-0.1260789	13190.38
-0.32	-0.1257229	13190.92
-0.3	-0.1263589	13191.47
-0.3	-0.1259017	13192.02
-0.3	-0.1266787	13192.57
-0.3	-0.125962	13193.11
-0.3	-0.1261016	13193.66
-0.3	-0.1263695	13194.21
-0.3	-0.1256912	13194.75
-0.3	-0.1263893	13195.3
-0.3	-0.1260093	13195.85
-0.3	-0.1262253	13196.4
-0.28	-0.1256583	13196.94
-0.28	-0.1259168	13197.49
-0.28	-0.1259409	13198.04
-0.28	-0.1260181	13198.58
-0.28	-0.1255558	13199.13
-0.28	-0.1260801	13199.68
-0.28	-0.1257135	13200.22
-0.28	-0.1257768	13200.77
-0.28	-0.1257933	13201.32
-0.28	-0.1258536	13201.87
-0.26	-0.1258624	13202.41
-0.26	-0.1253698	13202.96
-0.26	-0.1264466	13203.51
-0.26	-0.1255255	13204.05
-0.26	-0.125819	13204.6
-0.26	-0.1256233	13205.15
-0.26	-0.1260889	13205.69
-0.26	-0.1259396	13206.24
-0.26	-0.1254626	13206.79
-0.26	-0.1254145	13207.33
-0.24	-0.1259485	13207.88
-0.24	-0.1251478	13208.43
-0.24	-0.1256549	13208.98
-0.24	-0.1257872	13209.52
-0.24	-0.1257409	13210.07
-0.24	-0.1255979	13210.62
-0.24	-0.1248121	13211.16
-0.24	-0.1257574	13211.71
-0.24	-0.1247442	13212.26
-0.24	-0.1248542	13212.8
-0.22	-0.1243983	13213.35
-0.22	-0.1250517	13213.9
-0.22	-0.1245712	13214.45
-0.22	-0.1245982	13214.99
-0.22	-0.1249196	13215.54
-0.22	-0.125104	13216.09
-0.22	-0.1246442	13216.63
-0.22	-0.1256942	13217.18
-0.22	-0.1253845	13217.73
-0.22	-0.1259885	13218.27
-0.2	-0.1254853	13218.82
-0.2	-0.1255912	13219.37
-0.2	-0.1261248	13219.92
-0.2	-0.1251053	13220.46
-0.2	-0.125975	13221.01
-0.2	-0.1252154	13221.56
-0.2	-0.1260451	13222.11
-0.2	-0.1256148	13222.65
-0.2	-0.1254866	13223.2
-0.2	-0.1259015	13223.75
-0.18	-0.125894	13224.3
-0.18	-0.1253664	13224.84
-0.18	-0.1256469	13225.39
-0.18	-0.1254389	13225.94
-0.18	-0.1257207	13226.48
-0.18	-0.1251373	13227.03
-0.18	-0.1256738	13227.58
-0.18	-0.1254587	13228.12
-0.18	-0.1254132	13228.67
-0.18	-0.1259872	13229.22
-0.16	-0.1253238	13229.77
-0.16	-0.1259274	13230.31
-0.16	-0.125441	13230.86
-0.16	-0.1255351	13231.41
-0.16	-0.1253148	13231.95
-0.16	-0.124839	13232.5
-0.16	-0.1247248	13233.05
-0.16	-0.1250855	13233.59
-0.16	-0.1247951	13234.14
-0.16	-0.1252499	13234.69
-0.14	-0.1249706	13235.24
-0.14	-0.1254473	13235.78
-0.14	-0.1251338	13236.33
-0.14	-0.1249466	13236.88
-0.14	-0.1254553	13237.42
-0.14	-0.125193	13237.97
-0.14	-0.1258783	13238.52
-0.14	-0.1248395	13239.07
-0.14	-0.1257214	13239.61
-0.14	-0.1252992	13240.16
-0.12	-0.1249626	13240.71
-0.12	-0.1250221	13241.25
-0.12	-0.1250289	13241.8
-0.12	-0.1247217	13242.35
-0.12	-0.12449	13242.89
-0.12	-0.1243308	13243.44
-0.12	-0.1245884	13243.99
-0.12	-0.1236461	13244.54
-0.12	-0.1247037	13245.08
-0.12	-0.123884	13245.63
-0.1	-0.1247096	13246.18
-0.1	-0.1243025	13246.72
-0.1	-0.1249343	13247.27
-0.1	-0.124809	13247.82
-0.1	-0.1248436	13248.37
-0.1	-0.1247049	13248.91
-0.1	-0.124521	13249.46
-0.1	-0.1246964	13250.01
-0.1	-0.1243426	13250.56
-0.1	-0.1242742	13251.1
-0.08	-0.1249618	13251.65
-0.08	-0.1243594	13252.2
-0.08	-0.1246636	13252.74
-0.08	-0.124046	13253.29
-0.08	-0.1247478	13253.84
-0.08	-0.1242602	13254.39
-0.08	-0.1243889	13254.93
-0.08	-0.1242729	13255.48
-0.08	-0.1244812	13256.03
-0.08	-0.1247361	13256.57
-0.06	-0.1244125	13257.12
-0.06	-0.1249706	13257.67
-0.06	-0.1245522	13258.21
-0.06	-0.1244163	13258.76
-0.06	-0.124518	13259.31
-0.06	-0.1245977	13259.85
-0.06	-0.1244294	13260.4
-0.06	-0.1238916	13260.95
-0.06	-0.1243438	13261.5
-0.06	-0.1238819	13262.04
-0.04	-0.1239169	13262.59
-0.04	-0.1237777	13263.14
-0.04	-0.1238482	13263.68
-0.04	-0.124505	13264.23
-0.04	-0.1236773	13264.78
-0.04	-0.1245729	13265.32
-0.04	-0.1242092	13265.87
-0.04	-0.1245411	13266.42
-0.04	-0.1239662	13266.97
-0.04	-0.1244863	13267.51
-0.02	-0.1247723	13268.06
-0.02	-0.1245884	13268.61
-0.02	-0.1245551	13269.15
-0.02	-0.1249942	13269.7
-0.02	-0.1244585	13270.25
-0.02	-0.1246306	13270.79
-0.02	-0.1243543	13271.34
-0.02	-0.1248145	13271.89
-0.02	-0.1243543	13272.43
-0.02	-0.1242379	13272.98
0	-0.124682	13273.53
0	-0.1240864	13274.08
0	-0.1244804	13274.62
0	-0.124202	13275.17
0	-0.1242582	13275.72
0	-0.1239281	13276.27
0	-0.1239093	13276.82
0	-0.1240249	13277.36
0	-0.1239067	13277.91
0	-0.1235946	13278.46
0.02	-0.1239511	13279.01
0.02	-0.1233652	13279.56
0.02	-0.1242793	13280.1
0.02	-0.1228126	13280.65
0.02	-0.1241709	13281.2
0.02	-0.1234596	13281.74
0.02	-0.1235659	13282.29
0.02	-0.1233216	13282.84
0.02	-0.1234133	13283.38
0.02	-0.1236166	13283.93
0.04	-0.1230987	13284.48
0.04	-0.1230733	13285.02
0.04	-0.1233204	13285.57
0.04	-0.1231012	13286.12
0.04	-0.1234769	13286.67
0.04	-0.1233521	13287.21
0.04	-0.1234828	13287.76
0.04	-0.1234829	13288.31
0.04	-0.1228797	13288.85
0.04	-0.1235871	13289.4
0.06	-0.1229893	13289.95
0.06	-0.1235305	13290.49
0.06	-0.1230985	13291.04
0.06	-0.1238093	13291.59
0.06	-0.1233554	13292.13
0.06	-0.1232146	13292.68
0.06	-0.1236966	13293.23
0.06	-0.1237942	13293.78
0.06	-0.1236022	13294.32
0.06	-0.1238456	13294.87
0.08	-0.1238586	13295.42
0.08	-0.1243467	13295.96
0.08	-0.1234837	13296.51
0.08	-0.1239814	13297.06
0.08	-0.1241239	13297.6
0.08	-0.1240476	13298.15
0.08	-0.1244514	13298.7
0.08	-0.1234192	13299.24
0.08	-0.1240236	13299.79
0.08	-0.1231605	13300.34
0.1	-0.123719	13300.88
0.1	-0.1238216	13301.43
0.1	-0.1238717	13301.98
0.1	-0.1241026	13302.53
0.1	-0.1239611	13303.07
0.1	-0.1241422	13303.62
0.1	-0.1241479	13304.17
0.1	-0.1238742	13304.71
0.1	-0.124116	13305.26
0.1	-0.1239722	13305.81
0.12	-0.1235289	13306.36
0.12	-0.1239059	13306.9
0.12	-0.1236355	13307.45
0.12	-0.1240282	13308
0.12	-0.1230597	13308.54
0.12	-0.1239122	13309.09
0.12	-0.1230525	13309.64
0.12	-0.1236276	13310.19
0.12	-0.1236528	13310.73
0.12	-0.1237502	13311.28
0.14	-0.1237624	13311.83
0.14	-0.1234397	13312.37
0.14	-0.1232757	13312.92
0.14	-0.12362	13313.47
0.14	-0.1234997	13314.02
0.14	-0.1238472	13314.56
0.14	-0.123573	13315.11
0.14	-0.1237646	13315.66
0.14	-0.1237629	13316.2
0.14	-0.1236456	13316.75
0.16	-0.123833	13317.3
0.16	-0.1232141	13317.84
0.16	-0.1234639	13318.39
0.16	-0.122894	13318.94
0.16	-0.1235157	13319.49
0.16	-0.1231146	13320.03
0.16	-0.1231142	13320.58
0.16	-0.1234149	13321.13
0.16	-0.123212	13321.67
0.16	-0.1232935	13322.22
0.18	-0.1228193	13322.77
0.18	-0.1230484	13323.31
0.18	-0.1233626	13323.86
0.18	-0.1224367	13324.41
0.18	-0.1234114	13324.95
0.18	-0.1226439	13325.5
0.18	-0.1235684	13326.05
0.18	-0.1229598	13326.59
0.18	-0.1232281	13327.14
0.18	-0.1225443	13327.69
0.2	-0.1220028	13328.24
0.2	-0.122448	13328.78
0.2	-0.1227223	13329.33
0.2	-0.1221878	13329.88
0.2	-0.1219757	13330.42
0.2	-0.1215235	13330.97
0.2	-0.122335	13331.52
0.2	-0.1216935	13332.07
0.2	-0.1220187	13332.61
0.2	-0.1217314	13333.16
0.22	-0.1215733	13333.71
0.22	-0.1215581	13334.26
0.22	-0.1209654	13334.8
0.22	-0.1217859	13335.35
0.22	-0.1214897	13335.9
0.22	-0.1219335	13336.44
0.22	-0.1219432	13336.99
0.22	-0.1224039	13337.54
0.22	-0.1225662	13338.09
0.22	-0.1223844	13338.63
0.24	-0.1220626	13339.18
0.24	-0.1223043	13339.73
0.24	-0.1216125	13340.27
0.24	-0.1222701	13340.82
0.24	-0.1217745	13341.37
0.24	-0.1228028	13341.92
0.24	-0.1215779	13342.46
0.24	-0.1225223	13343.01
0.24	-0.1218625	13343.56
0.24	-0.1223173	13344.1
0.26	-0.1212809	13344.65
0.26	-0.1211046	13345.2
0.26	-0.1213143	13345.74
0.26	-0.1209013	13346.29
0.26	-0.1210729	13346.84
0.26	-0.1212856	13347.38
0.26	-0.1210046	13347.93
0.26	-0.1207798	13348.48
0.26	-0.1208979	13349.03
0.26	-0.120881	13349.57
0.28	-0.1203749	13350.12
0.28	-0.1191774	13350.67
0.28	-0.1197637	13351.21
0.28	-0.1194569	13351.76
0.28	-0.1198421	13352.31
0.28	-0.1196784	13352.85
0.28	-0.1201664	13353.4
0.28	-0.1200661	13353.95
0.28	-0.1200727	13354.5
0.28	-0.1205124	13355.04
0.3	-0.1190955	13355.59
0.3	-0.1192305	13356.14
0.3	-0.1191427	13356.68
0.3	-0.1189879	13357.23
0.3	-0.1194068	13357.78
0.3	-0.1194426	13358.33
0.3	-0.1189356	13358.87
0.3	-0.1198902	13359.42
0.3	-0.1192575	13359.97
0.3	-0.1196823	13360.52
0.32	-0.1174488	13361.06
0.32	-0.1178832	13361.61
0.32	-0.1174432	13362.16
0.32	-0.117356	13362.7
0.32	-0.1177575	13363.25
0.32	-0.1175905	13363.8
0.32	-0.1175546	13364.35
0.32	-0.1178292	13364.89
0.32	-0.1176979	13365.44
0.32	-0.1180185	13365.99
0.34	-0.1148095	13366.53
0.34	-0.115063	13367.08
0.34	-0.1151528	13367.63
0.34	-0.1150022	13368.17
0.34	-0.1149739	13368.72
0.34	-0.1146947	13369.27
0.34	-0.1155476	13369.82
0.34	-0.1146331	13370.36
0.34	-0.1153139	13370.91
0.34	-0.1149039	13371.46
0.36	-0.1115278	13372
0.36	-0.1108777	13372.55
0.36	-0.1111439	13373.1
0.36	-0.111324	13373.64
0.36	-0.111178	13374.19
0.36	-0.1108195	13374.74
0.36	-0.1115007	13375.29
0.36	-0.1110632	13375.83
0.36	-0.1114636	13376.38
0.36	-0.1111885	13376.93
0.38	-0.1063415	13377.47
0.38	-0.1063917	13378.02
0.38	-0.1061652	13378.57
0.38	-0.106223	13379.11
0.38	-0.106466	13379.66
0.38	-0.1062504	13380.21
0.38	-0.106123	13380.75
0.38	-0.1063537	13381.3
0.38	-0.1063508	13381.85
0.38	-0.1060298	13382.4
0.4	-0.09747523	13383.01
0.4	-0.09753427	13383.59
0.4	-0.09865399	13384.26
0.4	-0.09786082	13384.9
0.4	-0.09730904	13385.48
0.4	-0.09871805	13386.15
0.4	-0.09770136	13386.79
0.4	-0.09737244	13387.37
0.4	-0.0993774	13388.04
0.4	-0.09777778	13388.68
0.42	-0.08771665	13389.26
0.42	-0.08766062	13389.81
0.42	-0.08739246	13390.36
0.42	-0.08796947	13390.9
0.42	-0.08807563	13391.45
0.42	-0.08792418	13392
0.42	-0.08810344	13392.54
0.42	-0.08827431	13393.09
0.42	-0.08814943	13393.64
0.42	-0.08825717	13394.18
0.44	-0.07347278	13394.73
0.44	-0.07442437	13395.28
0.44	-0.07371841	13395.82
0.44	-0.07397339	13396.37
0.44	-0.0738688	13396.92
0.44	-0.07375345	13397.46
0.44	-0.07394864	13398.01
0.44	-0.0735689	13398.56
0.44	-0.07382713	13399.1
0.44	-0.07404854	13399.65
0.46	-0.05515214	13400.2
0.46	-0.05565063	13400.75
0.46	-0.0557129	13401.29
0.46	-0.05556647	13401.84
0.46	-0.05577026	13402.39
0.46	-0.05538638	13402.93
0.46	-0.05599387	13403.48
0.46	-0.05542565	13404.03
0.46	-0.05573528	13404.57
0.46	-0.05554803	13405.12
0.48	-0.03275915	13405.67
0.48	-0.03254326	13406.21
0.48	-0.0326563	13406.76
0.48	-0.03279746	13407.31
0.48	-0.0326607	13407.86
0.48	-0.03256129	13408.4
0.48	-0.03284517	13408.95
0.48	-0.03280578	13409.5
0.48	-0.03282201	13410.04
0.48	-0.03295423	13410.59
0.5	-0.003603151	13411.21
0.5	-0.00463089	13411.79
0.5	-0.004500193	13412.33
0.5	-0.00455574	13412.88
0.5	-0.004633008	13413.43
0.5	-0.004539967	13413.97
0.5	-0.004498367	13414.52
0.5	-0.004524568	13415.07
0.5	-0.004623909	13415.62
0.5	-0.004408472	13416.16
0.52	0.02692277	13416.84
0.52	0.02715479	13417.41
0.52	0.02704761	13417.95
0.52	0.02733295	13418.5
0.52	0.02694272	13419.05
0.52	0.02707126	13419.6
0.52	0.02735375	13420.14
0.52	0.02707735	13420.69
0.52	0.02725829	13421.24
0.52	0.02703082	13421.78
0.54	0.06378538	13422.33
0.54	0.06363202	13422.88
0.54	0.06364456	13423.42
0.54	0.06367318	13423.97
0.54	0.06357519	13424.52
0.54	0.06363548	13425.07
0.54	0.063667	13425.61
0.54	0.06362651	13426.16
0.54	0.06362734	13426.71
0.54	0.06360963	13427.25
0.56	0.1030547	13427.79
0.56	0.1031541	13428.34
0.56	0.1029687	13428.89
0.56	0.1031012	13429.43
0.56	0.1029483	13429.98
0.56	0.1031183	13430.53
0.56	0.1029524	13431.08
0.56	0.1030135	13431.62
0.56	0.1030483	13432.17
0.56	0.1022373	13432.79
0.58	0.145341	13433.37
0.58	0.1454676	13433.92
0.58	0.1455202	13434.46
0.58	0.1453659	13435.01
0.58	0.1452937	13435.56
0.58	0.1452217	13436.1
0.58	0.145252	13436.65
0.58	0.145093	13437.2
0.58	0.1452845	13437.75
0.58	0.1451996	13438.29
0.6	0.1907021	13438.84
0.6	0.1907165	13439.39
0.6	0.1906643	13439.93
0.6	0.1907376	13440.48
0.6	0.1906626	13441.03
0.6	0.1907183	13441.58
0.6	0.1907205	13442.12
0.6	0.1907094	13442.67
0.6	0.1907093	13443.22
0.6	0.1906731	13443.77
0.62	0.2372353	13444.31
0.62	0.2372833	13444.86
0.62	0.2372088	13445.41
0.62	0.2372914	13445.95
0.62	0.2372942	13446.5
0.62	0.2373031	13447.05
0.62	0.2374077	13447.59
0.62	0.2373273	13448.14
0.62	0.2373233	13448.69
0.62	0.2372708	13449.24
0.64	0.286512	13449.78
0.64	0.2865576	13450.33
0.64	0.2864349	13450.88
0.64	0.2864213	13451.42
0.64	0.2864723	13451.97
0.64	0.2864411	13452.52
0.64	0.2864209	13453.06
0.64	0.286336	13453.61
0.64	0.2864008	13454.16
0.64	0.2863434	13454.71
0.66	0.3361983	13455.25
0.66	0.3362781	13455.8
0.66	0.3361789	13456.35
0.66	0.3362474	13456.89
0.66	0.3361738	13457.44
0.66	0.3361605	13457.99
0.66	0.3361766	13458.53
0.66	0.3361553	13459.08
0.66	0.336127	13459.63
0.66	0.3361899	13460.17
0.68	0.3879225	13460.72
0.68	0.3880075	13461.27
0.68	0.3879549	13461.82
0.68	0.3879888	13462.36
0.68	0.3879412	13462.91
0.68	0.3879556	13463.46
0.68	0.3880239	13464
0.68	0.3879698	13464.55
0.68	0.3880658	13465.1
0.68	0.3880136	13465.64
0.7	0.4400378	13466.19
0.7	0.4399738	13466.74
0.7	0.4399474	13467.29
0.7	0.4399958	13467.83
0.7	0.4399711	13468.38
0.7	0.440005	13468.93
0.7	0.440005	13469.47
0.7	0.4400892	13470.02
0.7	0.4400922	13470.57
0.7	0.440043	13471.12
0.72	0.4938871	13471.66
0.72	0.4938891	13472.21
0.72	0.4939321	13472.76
0.72	0.4939566	13473.3
0.72	0.4940075	13473.85
0.72	0.4940625	13474.4
0.72	0.4939869	13474.94
0.72	0.4940857	13475.49
0.72	0.4941054	13476.04
0.72	0.4941328	13476.58
0.74	0.5478765	13477.13
0.74	0.5479077	13477.68
0.74	0.5479818	13478.23
0.74	0.5479626	13478.77
0.74	0.5480063	13479.32
0.74	0.5480679	13479.87
0.74	0.5480405	13480.42
0.74	0.5481141	13480.96
0.74	0.5480286	13481.51
0.74	0.5481421	13482.06
0.76	0.6033909	13482.6
0.76	0.6033828	13483.15
0.76	0.6034166	13483.7
0.76	0.6034201	13484.24
0.76	0.6034474	13484.79
0.76	0.6035326	13485.34
0.76	0.6035497	13485.89
0.76	0.6035923	13486.43
0.76	0.6036047	13486.98
0.76	0.6036709	13487.53
0.78	0.6595508	13488.07
0.78	0.659588	13488.62
0.78	0.659617	13489.17
0.78	0.6595554	13489.72
0.78	0.6596395	13490.26
0.78	0.6596096	13490.81
0.78	0.6596698	13491.36
0.78	0.6596577	13491.9
0.78	0.6596698	13492.45
0.78	0.659683	13493
0.8	0.7152172	13493.54
0.8	0.7152832	13494.09
0.8	0.7152475	13494.64
0.8	0.7152922	13495.19
0.8	0.7153167	13495.74
0.8	0.7153052	13496.28
0.8	0.7153696	13496.83
0.8	0.7153196	13497.38
0.8	0.7154008	13497.92
0.8	0.715449	13498.47
0.82	0.7724108	13499.02
0.82	0.7724627	13499.57
0.82	0.7724804	13500.11
0.82	0.7725068	13500.66
0.82	0.7725219	13501.21
0.82	0.7725837	13501.75
0.82	0.7726153	13502.3
0.82	0.7726602	13502.85
0.82	0.7726576	13503.4
0.82	0.7726936	13503.94
0.84	0.8290687	13504.49
0.84	0.829087	13505.04
0.84	0.829102	13505.58
0.84	0.8291669	13506.13
0.84	0.8291131	13506.68
0.84	0.8292271	13507.22
0.84	0.8292212	13507.77
0.84	0.8293116	13508.32
0.84	0.8293384	13508.87
0.84	0.8293653	13509.41
0.86	0.8869931	13509.96
0.86	0.8869023	13510.51
0.86	0.8869768	13511.05
0.86	0.8870258	13511.6
0.86	0.8870065	13512.15
0.86	0.8870355	13512.69
0.86	0.8870484	13513.24
0.86	0.8871341	13513.79
0.86	0.8871611	13514.33
0.86	0.8871467	13514.88
0.88	0.9441654	13515.43
0.88	0.9440605	13515.98
0.88	0.9440449	13516.52
0.88	0.9440374	13517.07
0.88	0.9440743	13517.62
0.88	0.9440435	13518.16
0.88	0.944074	13518.71
0.88	0.9440544	13519.26
0.88	0.9441345	13519.8
0.88	0.9441073	13520.35
0.9	0.9998792	13520.9
0.9	0.9998791	13521.45
0.9	0.9998773	13521.99
0.9	0.999878	13522.54
0.9	0.9998841	13523.09
0.9	0.9998834	13523.63
0.9	0.9998839	13524.18
0.9	0.9998866	13524.73
0.9	0.9998813	13525.27
0.9	0.9998886	13525.82
0.92	0.9998928	13526.37
0.92	0.9998841	13526.92
0.92	0.9998854	13527.46
0.92	0.999887	13528.01
0.92	0.9998845	13528.56
0.92	0.9998841	13529.1
0.92	0.9998832	13529.65
0.92	0.9998888	13530.2
0.92	0.9998856	13530.74
0.92	0.9998868	13531.29
0.94	0.9998862	13531.84
0.94	0.999888	13532.38
0.94	0.9998849	13532.93
0.94	0.9998917	13533.48
0.94	0.9998917	13534.03
0.94	0.9998905	13534.57
0.94	0.9998922	13535.12
0.94	0.9998935	13535.67
0.94	0.999889	13536.21
0.94	0.9998954	13536.76
0.96	0.9998886	13537.31
0.96	0.9998859	13537.85
0.96	0.9998797	13538.4
0.96	0.9998875	13538.95
0.96	0.9998881	13539.5
0.96	0.9998884	13540.04
0.96	0.9998828	13540.59
0.96	0.9998884	13541.14
0.96	0.99988	13541.68
0.96	0.9998826	13542.23
0.98	0.9998807	13542.78
0.98	0.9998849	13543.32
0.98	0.9998887	13543.87
0.98	0.9998831	13544.42
0.98	0.9998888	13544.96
0.98	0.999889	13545.51
0.98	0.9998905	13546.06
0.98	0.9998888	13546.61
0.98	0.9998917	13547.15
0.98	0.9998947	13547.7
1	0.9998958	13548.24
1	0.999894	13548.79
1	0.9998928	13549.34
1	0.999891	13549.89
1	0.9998971	13550.43
1	0.999887	13550.98
1	0.9998898	13551.53
1	0.9998905	13552.08
1	0.9998904	13552.63
1	0.9998913	13553.17
