Messtemperatur      21∞C
U-Bereich           -1V   bis 1V
Anzahl der Meﬂpunkte     100
delay nach Einstellen der Spannung  s
Strombegrenzung     1 A
Kontakt             x
Beleuchtung         d
Kommentar eingeben

voltage / V   current / A   time

-1	-0.8477647	12330.56
-1	-0.8460192	12331.11
-1	-0.8476129	12331.66
-1	-0.8464375	12332.21
-1	-0.8451006	12332.76
-1	-0.8455364	12333.3
-1	-0.8488351	12333.85
-1	-0.8486518	12334.4
-1	-0.8474733	12334.95
-1	-0.8481708	12335.49
-0.98	-0.8487023	12336.04
-0.98	-0.8496336	12336.59
-0.98	-0.8478832	12337.13
-0.98	-0.8469195	12337.68
-0.98	-0.847715	12338.23
-0.98	-0.8480493	12338.78
-0.98	-0.8469738	12339.32
-0.98	-0.8483055	12339.87
-0.98	-0.8480727	12340.42
-0.98	-0.8472294	12340.96
-0.96	-0.8468385	12341.51
-0.96	-0.8477594	12342.06
-0.96	-0.8483531	12342.61
-0.96	-0.8487482	12343.15
-0.96	-0.848767	12343.7
-0.96	-0.8485788	12344.25
-0.96	-0.8479507	12344.79
-0.96	-0.8474154	12345.34
-0.96	-0.8485925	12345.89
-0.96	-0.8488411	12346.44
-0.94	-0.8490729	12346.98
-0.94	-0.8495399	12347.53
-0.94	-0.8501756	12348.08
-0.94	-0.8507538	12348.62
-0.94	-0.850572	12349.17
-0.94	-0.8511151	12349.72
-0.94	-0.8504674	12350.26
-0.94	-0.8504452	12350.81
-0.94	-0.8492962	12351.36
-0.94	-0.8500254	12351.91
-0.92	-0.8509303	12352.45
-0.92	-0.8502858	12353
-0.92	-0.8497204	12353.55
-0.92	-0.8486524	12354.09
-0.92	-0.8497981	12354.64
-0.92	-0.8496646	12355.19
-0.92	-0.8498879	12355.73
-0.92	-0.8497576	12356.28
-0.92	-0.8488464	12356.83
-0.92	-0.8487082	12357.37
-0.9	-0.8493772	12357.92
-0.9	-0.8499839	12358.47
-0.9	-0.8492912	12359.02
-0.9	-0.84956	12359.56
-0.9	-0.8495615	12360.11
-0.9	-0.8497269	12360.66
-0.9	-0.8490124	12361.2
-0.9	-0.8503413	12361.75
-0.9	-0.8510641	12362.3
-0.9	-0.8508561	12362.84
-0.88	-0.8494595	12363.39
-0.88	-0.8501168	12363.94
-0.88	-0.8510079	12364.49
-0.88	-0.8510804	12365.03
-0.88	-0.8509264	12365.58
-0.88	-0.8495771	12366.13
-0.88	-0.8504128	12366.67
-0.88	-0.8506718	12367.22
-0.88	-0.8506891	12367.77
-0.88	-0.8496001	12368.31
-0.86	-0.8498436	12368.86
-0.86	-0.8502884	12369.41
-0.86	-0.8504108	12369.96
-0.86	-0.8509343	12370.5
-0.86	-0.8500996	12371.05
-0.86	-0.8509278	12371.6
-0.86	-0.8513089	12372.14
-0.86	-0.8507541	12372.69
-0.86	-0.8503612	12373.24
-0.86	-0.8511402	12373.79
-0.84	-0.8514073	12374.33
-0.84	-0.8506524	12374.88
-0.84	-0.8513829	12375.43
-0.84	-0.8514625	12375.97
-0.84	-0.8504506	12376.52
-0.84	-0.8507965	12377.07
-0.84	-0.8498477	12377.62
-0.84	-0.8505645	12378.16
-0.84	-0.8518159	12378.71
-0.84	-0.8511328	12379.26
-0.82	-0.8521749	12379.8
-0.82	-0.8522139	12380.35
-0.82	-0.8513249	12380.9
-0.82	-0.8517191	12381.44
-0.82	-0.851716	12381.99
-0.82	-0.8532974	12382.54
-0.82	-0.8521548	12383.08
-0.82	-0.8514293	12383.63
-0.82	-0.8513403	12384.18
-0.82	-0.8517871	12384.73
-0.8	-0.8518562	12385.27
-0.8	-0.8525385	12385.82
-0.8	-0.8526347	12386.37
-0.8	-0.8527088	12386.92
-0.8	-0.8527206	12387.46
-0.8	-0.852291	12388.01
-0.8	-0.8535379	12388.56
-0.8	-0.852966	12389.1
-0.8	-0.8526134	12389.65
-0.8	-0.8513271	12390.2
-0.78	-0.8522604	12390.75
-0.78	-0.8521298	12391.29
-0.78	-0.8515133	12391.84
-0.78	-0.8518632	12392.39
-0.78	-0.852466	12392.93
-0.78	-0.8525779	12393.48
-0.78	-0.8533798	12394.03
-0.78	-0.8534783	12394.57
-0.78	-0.8538791	12395.12
-0.78	-0.8531162	12395.67
-0.76	-0.8528954	12396.22
-0.76	-0.8539296	12396.76
-0.76	-0.853706	12397.31
-0.76	-0.853542	12397.86
-0.76	-0.8538697	12398.4
-0.76	-0.8522767	12398.95
-0.76	-0.8529019	12399.5
-0.76	-0.8526648	12400.04
-0.76	-0.8534341	12400.59
-0.76	-0.8529998	12401.14
-0.74	-0.8540238	12401.69
-0.74	-0.85374	12402.23
-0.74	-0.8539537	12402.78
-0.74	-0.8539417	12403.33
-0.74	-0.853632	12403.87
-0.74	-0.8549948	12404.42
-0.74	-0.8535388	12404.97
-0.74	-0.8551911	12405.51
-0.74	-0.854538	12406.06
-0.74	-0.8542457	12406.61
-0.72	-0.8534531	12407.16
-0.72	-0.8536413	12407.7
-0.72	-0.8546266	12408.25
-0.72	-0.8533697	12408.8
-0.72	-0.8533581	12409.34
-0.72	-0.8537179	12409.89
-0.72	-0.8538437	12410.44
-0.72	-0.853364	12410.99
-0.72	-0.8534784	12411.53
-0.72	-0.853323	12412.08
-0.7	-0.8530728	12412.63
-0.7	-0.853292	12413.17
-0.7	-0.8519492	12413.72
-0.7	-0.8533786	12414.27
-0.7	-0.8517404	12414.81
-0.7	-0.8531852	12415.36
-0.7	-0.8528454	12415.91
-0.7	-0.8537204	12416.46
-0.7	-0.8524508	12417
-0.7	-0.8527454	12417.55
-0.68	-0.8521124	12418.1
-0.68	-0.8522002	12418.64
-0.68	-0.8527856	12419.19
-0.68	-0.8530287	12419.74
-0.68	-0.8533378	12420.28
-0.68	-0.851795	12420.83
-0.68	-0.8523829	12421.38
-0.68	-0.8526929	12421.92
-0.68	-0.8526553	12422.47
-0.68	-0.8497301	12423.02
-0.66	-0.8494646	12423.57
-0.66	-0.8497455	12424.11
-0.66	-0.8507061	12424.66
-0.66	-0.8491634	12425.21
-0.66	-0.849826	12425.75
-0.66	-0.8503681	12426.3
-0.66	-0.849115	12426.85
-0.66	-0.849206	12427.4
-0.66	-0.8508444	12427.94
-0.66	-0.8511801	12428.49
-0.64	-0.8507902	12429.04
-0.64	-0.8512966	12429.58
-0.64	-0.8507038	12430.13
-0.64	-0.8512518	12430.68
-0.64	-0.8503159	12431.22
-0.64	-0.8508114	12431.77
-0.64	-0.8516813	12432.32
-0.64	-0.8503694	12432.87
-0.64	-0.8516597	12433.41
-0.64	-0.851836	12433.96
-0.62	-0.8517788	12434.51
-0.62	-0.8517033	12435.05
-0.62	-0.8522377	12435.6
-0.62	-0.8514718	12436.15
-0.62	-0.8524699	12436.7
-0.62	-0.8525319	12437.24
-0.62	-0.8526697	12437.79
-0.62	-0.8532102	12438.34
-0.62	-0.8533862	12438.88
-0.62	-0.8536226	12439.43
-0.6	-0.853467	12439.98
-0.6	-0.8527622	12440.53
-0.6	-0.8519295	12441.07
-0.6	-0.8526866	12441.62
-0.6	-0.8524525	12442.17
-0.6	-0.8517423	12442.71
-0.6	-0.8523853	12443.26
-0.6	-0.8514057	12443.81
-0.6	-0.8525051	12444.36
-0.6	-0.8513528	12444.9
-0.58	-0.8506761	12445.45
-0.58	-0.8502227	12446
-0.58	-0.8502815	12446.55
-0.58	-0.8500728	12447.09
-0.58	-0.8500627	12447.64
-0.58	-0.8506663	12448.19
-0.58	-0.8496852	12448.73
-0.58	-0.8516682	12449.28
-0.58	-0.8520961	12449.83
-0.58	-0.8526922	12450.37
-0.56	-0.8518028	12450.92
-0.56	-0.8520162	12451.47
-0.56	-0.8507945	12452.02
-0.56	-0.8534648	12452.56
-0.56	-0.8533327	12453.11
-0.56	-0.8529127	12453.66
-0.56	-0.8537617	12454.2
-0.56	-0.8527341	12454.75
-0.56	-0.8524641	12455.3
-0.56	-0.8533993	12455.84
-0.54	-0.8537835	12456.39
-0.54	-0.8538358	12456.94
-0.54	-0.8548105	12457.49
-0.54	-0.8553953	12458.03
-0.54	-0.8550485	12458.58
-0.54	-0.8550786	12459.13
-0.54	-0.854762	12459.68
-0.54	-0.8547198	12460.22
-0.54	-0.8534335	12460.77
-0.54	-0.8541383	12461.32
-0.52	-0.8543928	12461.86
-0.52	-0.8551353	12462.41
-0.52	-0.8545095	12462.96
-0.52	-0.8536296	12463.51
-0.52	-0.8537151	12464.05
-0.52	-0.8543238	12464.6
-0.52	-0.8539624	12465.15
-0.52	-0.8535545	12465.69
-0.52	-0.8537138	12466.24
-0.52	-0.8516482	12466.79
-0.5	-0.8528923	12467.33
-0.5	-0.8522086	12467.88
-0.5	-0.853871	12468.43
-0.5	-0.853689	12468.98
-0.5	-0.8533655	12469.52
-0.5	-0.8536135	12470.07
-0.5	-0.8547156	12470.62
-0.5	-0.8533978	12471.17
-0.5	-0.8526229	12471.71
-0.5	-0.854857	12472.26
-0.48	-0.8522229	12472.81
-0.48	-0.8520036	12473.36
-0.48	-0.8529223	12473.9
-0.48	-0.8532987	12474.45
-0.48	-0.8535565	12475
-0.48	-0.8543455	12475.54
-0.48	-0.8539778	12476.09
-0.48	-0.8528468	12476.64
-0.48	-0.8524992	12477.19
-0.48	-0.8525761	12477.73
-0.46	-0.8530026	12478.28
-0.46	-0.8524736	12478.83
-0.46	-0.8530465	12479.37
-0.46	-0.8529353	12479.92
-0.46	-0.8534607	12480.47
-0.46	-0.8527693	12481.01
-0.46	-0.8518964	12481.56
-0.46	-0.8521779	12482.11
-0.46	-0.8504761	12482.66
-0.46	-0.8509884	12483.2
-0.44	-0.8511922	12483.75
-0.44	-0.8508979	12484.3
-0.44	-0.8501851	12484.84
-0.44	-0.849408	12485.39
-0.44	-0.8497148	12485.94
-0.44	-0.8506117	12486.48
-0.44	-0.8512922	12487.03
-0.44	-0.8508562	12487.58
-0.44	-0.8508022	12488.13
-0.44	-0.850279	12488.67
-0.42	-0.8509209	12489.22
-0.42	-0.8505108	12489.77
-0.42	-0.8495117	12490.31
-0.42	-0.8504544	12490.86
-0.42	-0.8502181	12491.41
-0.42	-0.8506965	12491.96
-0.42	-0.8500899	12492.5
-0.42	-0.8506193	12493.05
-0.42	-0.8489719	12493.6
-0.42	-0.8504116	12494.14
-0.4	-0.8488635	12494.69
-0.4	-0.8491842	12495.24
-0.4	-0.8493593	12495.79
-0.4	-0.8496065	12496.33
-0.4	-0.8491394	12496.88
-0.4	-0.8487325	12497.43
-0.4	-0.8489119	12497.97
-0.4	-0.849335	12498.52
-0.4	-0.8488095	12499.07
-0.4	-0.8494722	12499.62
-0.38	-0.8489541	12500.16
-0.38	-0.8493478	12500.71
-0.38	-0.852079	12501.26
-0.38	-0.8518125	12501.81
-0.38	-0.850518	12502.35
-0.38	-0.8510455	12502.9
-0.38	-0.8503808	12503.45
-0.38	-0.8510191	12503.99
-0.38	-0.8510702	12504.54
-0.38	-0.848421	12505.09
-0.36	-0.8483154	12505.63
-0.36	-0.8434557	12506.18
-0.36	-0.849371	12506.73
-0.36	-0.8508356	12507.28
-0.36	-0.8508315	12507.82
-0.36	-0.8491881	12508.37
-0.36	-0.8494964	12508.92
-0.36	-0.850547	12509.46
-0.36	-0.8512499	12510.01
-0.36	-0.8498095	12510.56
-0.34	-0.8502598	12511.1
-0.34	-0.8499795	12511.65
-0.34	-0.8504951	12512.2
-0.34	-0.8499961	12512.75
-0.34	-0.8497596	12513.29
-0.34	-0.849361	12513.84
-0.34	-0.8494993	12514.39
-0.34	-0.8493314	12514.93
-0.34	-0.8489177	12515.48
-0.34	-0.8492815	12516.03
-0.32	-0.8482527	12516.58
-0.32	-0.8484657	12517.12
-0.32	-0.8476023	12517.67
-0.32	-0.8481198	12518.22
-0.32	-0.8483111	12518.76
-0.32	-0.848673	12519.31
-0.32	-0.8483841	12519.86
-0.32	-0.8486084	12520.4
-0.32	-0.8487207	12520.95
-0.32	-0.84811	12521.5
-0.3	-0.8489491	12522.04
-0.3	-0.8486676	12522.59
-0.3	-0.8480992	12523.14
-0.3	-0.8483887	12523.69
-0.3	-0.8474943	12524.23
-0.3	-0.8483564	12524.78
-0.3	-0.8487271	12525.33
-0.3	-0.8481038	12525.88
-0.3	-0.8475674	12526.42
-0.3	-0.8477535	12526.97
-0.28	-0.8480882	12527.52
-0.28	-0.8484966	12528.07
-0.28	-0.8477524	12528.61
-0.28	-0.8473405	12529.16
-0.28	-0.8468769	12529.71
-0.28	-0.8474167	12530.25
-0.28	-0.8472077	12530.8
-0.28	-0.8474905	12531.35
-0.28	-0.8475831	12531.89
-0.28	-0.8480346	12532.44
-0.26	-0.8470281	12532.99
-0.26	-0.8474194	12533.54
-0.26	-0.8472751	12534.08
-0.26	-0.8466381	12534.63
-0.26	-0.8466967	12535.18
-0.26	-0.8466249	12535.72
-0.26	-0.8464606	12536.27
-0.26	-0.8462812	12536.82
-0.26	-0.8462808	12537.37
-0.26	-0.8468983	12537.91
-0.24	-0.8465908	12538.46
-0.24	-0.8450145	12539.01
-0.24	-0.8448247	12539.55
-0.24	-0.8455839	12540.1
-0.24	-0.8446857	12540.65
-0.24	-0.8455523	12541.19
-0.24	-0.8447909	12541.74
-0.24	-0.844551	12542.29
-0.24	-0.8444653	12542.84
-0.24	-0.8440799	12543.38
-0.22	-0.8437204	12543.93
-0.22	-0.8438595	12544.48
-0.22	-0.8443245	12545.02
-0.22	-0.8436302	12545.57
-0.22	-0.8431783	12546.12
-0.22	-0.8426431	12546.66
-0.22	-0.8426979	12547.21
-0.22	-0.8419442	12547.76
-0.22	-0.8410411	12548.3
-0.22	-0.8398855	12548.85
-0.2	-0.8393192	12549.4
-0.2	-0.8391235	12549.95
-0.2	-0.8403068	12550.49
-0.2	-0.8400162	12551.04
-0.2	-0.8422422	12551.59
-0.2	-0.8420945	12552.14
-0.2	-0.8409457	12552.68
-0.2	-0.8423132	12553.23
-0.2	-0.8425614	12553.78
-0.2	-0.8437541	12554.33
-0.18	-0.8415889	12554.87
-0.18	-0.8416472	12555.42
-0.18	-0.842429	12555.97
-0.18	-0.8417496	12556.51
-0.18	-0.8405444	12557.06
-0.18	-0.8416364	12557.61
-0.18	-0.8417686	12558.15
-0.18	-0.8410887	12558.7
-0.18	-0.8419349	12559.25
-0.18	-0.8416407	12559.79
-0.16	-0.8400749	12560.34
-0.16	-0.8413317	12560.89
-0.16	-0.84077	12561.44
-0.16	-0.8398735	12561.98
-0.16	-0.8396401	12562.53
-0.16	-0.8395714	12563.08
-0.16	-0.8398005	12563.62
-0.16	-0.8402524	12564.17
-0.16	-0.8405985	12564.72
-0.16	-0.8399743	12565.27
-0.14	-0.8377414	12565.81
-0.14	-0.8377228	12566.36
-0.14	-0.8365176	12566.91
-0.14	-0.8370582	12567.45
-0.14	-0.8366624	12568
-0.14	-0.8368585	12568.55
-0.14	-0.8363506	12569.09
-0.14	-0.83731	12569.64
-0.14	-0.8356067	12570.19
-0.14	-0.8364654	12570.74
-0.12	-0.8328889	12571.28
-0.12	-0.8310066	12571.83
-0.12	-0.8307773	12572.38
-0.12	-0.829877	12572.92
-0.12	-0.8334076	12573.47
-0.12	-0.8316436	12574.02
-0.12	-0.830797	12574.56
-0.12	-0.8302251	12575.11
-0.12	-0.829854	12575.66
-0.12	-0.8272995	12576.21
-0.1	-0.8095523	12576.75
-0.1	-0.8138574	12577.3
-0.1	-0.8126853	12577.85
-0.1	-0.8105761	12578.39
-0.1	-0.8091768	12578.94
-0.1	-0.8022634	12579.49
-0.1	-0.8054606	12580.04
-0.1	-0.7985616	12580.58
-0.1	-0.801695	12581.13
-0.1	-0.8059418	12581.68
-0.08	-0.8053774	12582.22
-0.08	-0.8064598	12582.77
-0.08	-0.7976002	12583.32
-0.08	-0.7930102	12583.87
-0.08	-0.7980913	12584.41
-0.08	-0.7938586	12584.96
-0.08	-0.794562	12585.51
-0.08	-0.7928519	12586.05
-0.08	-0.7923743	12586.6
-0.08	-0.7904805	12587.15
-0.06	-0.7842368	12587.69
-0.06	-0.7853334	12588.24
-0.06	-0.7849518	12588.79
-0.06	-0.7871943	12589.33
-0.06	-0.788021	12589.88
-0.06	-0.7849794	12590.43
-0.06	-0.78525	12590.97
-0.06	-0.7842371	12591.52
-0.06	-0.7822505	12592.07
-0.06	-0.779447	12592.61
-0.04	-0.772543	12593.16
-0.04	-0.7731653	12593.71
-0.04	-0.7722357	12594.25
-0.04	-0.7721	12594.8
-0.04	-0.7727832	12595.35
-0.04	-0.7731085	12595.9
-0.04	-0.773379	12596.44
-0.04	-0.7741026	12596.99
-0.04	-0.7759165	12597.54
-0.04	-0.7756435	12598.08
-0.02	-0.7687052	12598.63
-0.02	-0.7684004	12599.18
-0.02	-0.7693204	12599.72
-0.02	-0.7696577	12600.27
-0.02	-0.7689507	12600.82
-0.02	-0.7685507	12601.37
-0.02	-0.7760937	12601.91
-0.02	-0.7816803	12602.46
-0.02	-0.7802933	12603.01
-0.02	-0.7811214	12603.55
0	-0.7704236	12604.1
0	-0.7786443	12604.65
0	-0.7802489	12605.19
0	-0.7798602	12605.74
0	-0.7785597	12606.29
0	-0.7791778	12606.84
0	-0.7797404	12607.39
0	-0.7790556	12607.93
0	-0.7795431	12608.48
0	-0.7795722	12609.03
0.02	-0.7673147	12609.58
0.02	-0.765294	12610.13
0.02	-0.7636497	12610.67
0.02	-0.7629951	12611.22
0.02	-0.7623264	12611.77
0.02	-0.7620725	12612.31
0.02	-0.7622514	12612.86
0.02	-0.7620975	12613.41
0.02	-0.7629626	12613.96
0.02	-0.7628255	12614.5
0.04	-0.7524261	12615.05
0.04	-0.7524034	12615.6
0.04	-0.752643	12616.14
0.04	-0.7521307	12616.69
0.04	-0.7542514	12617.24
0.04	-0.7546749	12617.78
0.04	-0.7545035	12618.33
0.04	-0.7559153	12618.88
0.04	-0.7569947	12619.42
0.04	-0.7598578	12619.97
0.06	-0.7481713	12620.52
0.06	-0.7484079	12621.07
0.06	-0.7479383	12621.61
0.06	-0.7473076	12622.16
0.06	-0.7479091	12622.71
0.06	-0.7486458	12623.25
0.06	-0.7496094	12623.8
0.06	-0.7492022	12624.35
0.06	-0.7496032	12624.89
0.06	-0.7496383	12625.44
0.08	-0.7392637	12625.99
0.08	-0.7392014	12626.53
0.08	-0.7400239	12627.08
0.08	-0.7403193	12627.63
0.08	-0.7401933	12628.18
0.08	-0.7392429	12628.72
0.08	-0.7395204	12629.27
0.08	-0.7394	12629.82
0.08	-0.7389434	12630.36
0.08	-0.7396023	12630.91
0.1	-0.7274921	12631.46
0.1	-0.7273592	12632
0.1	-0.7270117	12632.55
0.1	-0.7278162	12633.1
0.1	-0.7278126	12633.64
0.1	-0.7280833	12634.19
0.1	-0.7281823	12634.74
0.1	-0.727551	12635.29
0.1	-0.7286416	12635.83
0.1	-0.7282014	12636.38
0.12	-0.7160603	12636.93
0.12	-0.7157801	12637.48
0.12	-0.715408	12638.02
0.12	-0.7159576	12638.57
0.12	-0.7172704	12639.12
0.12	-0.7174324	12639.66
0.12	-0.7168041	12640.21
0.12	-0.7172923	12640.76
0.12	-0.7166559	12641.3
0.12	-0.7178941	12641.85
0.14	-0.7041782	12642.4
0.14	-0.7039361	12642.95
0.14	-0.7037561	12643.5
0.14	-0.7045929	12644.04
0.14	-0.7041401	12644.59
0.14	-0.7043485	12645.14
0.14	-0.7042879	12645.68
0.14	-0.7045354	12646.23
0.14	-0.7049718	12646.78
0.14	-0.7042699	12647.33
0.16	-0.6896927	12647.87
0.16	-0.6895844	12648.42
0.16	-0.689494	12648.97
0.16	-0.6889064	12649.52
0.16	-0.6892717	12650.06
0.16	-0.6886059	12650.61
0.16	-0.6888105	12651.16
0.16	-0.6889765	12651.7
0.16	-0.6889486	12652.25
0.16	-0.6890675	12652.8
0.18	-0.6715893	12653.34
0.18	-0.6718232	12653.89
0.18	-0.6723208	12654.44
0.18	-0.6725608	12654.99
0.18	-0.6723893	12655.53
0.18	-0.6724163	12656.08
0.18	-0.6725452	12656.63
0.18	-0.6719236	12657.17
0.18	-0.6723294	12657.72
0.18	-0.6719177	12658.27
0.2	-0.6533568	12658.81
0.2	-0.653076	12659.36
0.2	-0.6534958	12659.91
0.2	-0.652863	12660.45
0.2	-0.653412	12661
0.2	-0.6530583	12661.55
0.2	-0.6526752	12662.1
0.2	-0.6528704	12662.64
0.2	-0.6528044	12663.19
0.2	-0.6535299	12663.74
0.22	-0.6311724	12664.28
0.22	-0.6312025	12664.83
0.22	-0.6310015	12665.38
0.22	-0.6318265	12665.93
0.22	-0.6315963	12666.47
0.22	-0.6318412	12667.02
0.22	-0.6320331	12667.57
0.22	-0.6321021	12668.11
0.22	-0.6321304	12668.66
0.22	-0.6319152	12669.21
0.24	-0.6072869	12669.75
0.24	-0.6070325	12670.3
0.24	-0.6073732	12670.85
0.24	-0.6076947	12671.4
0.24	-0.6076582	12671.94
0.24	-0.6072289	12672.49
0.24	-0.6074244	12673.04
0.24	-0.6076847	12673.58
0.24	-0.6073558	12674.13
0.24	-0.6073008	12674.68
0.26	-0.5788825	12675.22
0.26	-0.5794257	12675.77
0.26	-0.5789151	12676.32
0.26	-0.5790694	12676.87
0.26	-0.5789526	12677.41
0.26	-0.5791162	12677.96
0.26	-0.5786855	12678.51
0.26	-0.5789973	12679.05
0.26	-0.5790173	12679.6
0.26	-0.579065	12680.15
0.28	-0.5478839	12680.69
0.28	-0.5473617	12681.24
0.28	-0.5475066	12681.79
0.28	-0.5473164	12682.33
0.28	-0.5476404	12682.88
0.28	-0.5475751	12683.43
0.28	-0.5481373	12683.98
0.28	-0.547639	12684.52
0.28	-0.5474767	12685.07
0.28	-0.54785	12685.62
0.3	-0.5123923	12686.16
0.3	-0.5127121	12686.71
0.3	-0.5123376	12687.26
0.3	-0.512654	12687.8
0.3	-0.5124349	12688.35
0.3	-0.5123546	12688.9
0.3	-0.5123679	12689.45
0.3	-0.5122518	12689.99
0.3	-0.5123512	12690.54
0.3	-0.5118148	12691.09
0.32	-0.4740416	12691.64
0.32	-0.4739416	12692.18
0.32	-0.4743205	12692.73
0.32	-0.474139	12693.28
0.32	-0.4742971	12693.82
0.32	-0.4740813	12694.37
0.32	-0.4740677	12694.92
0.32	-0.4740664	12695.46
0.32	-0.4739933	12696.01
0.32	-0.4739572	12696.56
0.34	-0.433924	12697.11
0.34	-0.433956	12697.65
0.34	-0.4338948	12698.2
0.34	-0.4339818	12698.75
0.34	-0.4339293	12699.29
0.34	-0.4340593	12699.84
0.34	-0.4339223	12700.39
0.34	-0.4336957	12700.93
0.34	-0.4339481	12701.48
0.34	-0.4338161	12702.03
0.36	-0.3909235	12702.58
0.36	-0.3910366	12703.12
0.36	-0.3909964	12703.67
0.36	-0.3905423	12704.22
0.36	-0.3906545	12704.76
0.36	-0.3909089	12705.31
0.36	-0.3907945	12705.86
0.36	-0.3907275	12706.4
0.36	-0.3907552	12706.95
0.36	-0.3909746	12707.5
0.38	-0.3463506	12708.04
0.38	-0.3462541	12708.59
0.38	-0.346327	12709.14
0.38	-0.3465179	12709.69
0.38	-0.3464869	12710.23
0.38	-0.3462071	12710.78
0.38	-0.3462811	12711.33
0.38	-0.3462038	12711.87
0.38	-0.3460697	12712.42
0.38	-0.3459385	12712.97
0.4	-0.2991244	12713.51
0.4	-0.2991058	12714.06
0.4	-0.29921	12714.61
0.4	-0.2991424	12715.16
0.4	-0.2991572	12715.7
0.4	-0.2991379	12716.25
0.4	-0.2990894	12716.8
0.4	-0.2990667	12717.35
0.4	-0.2988438	12717.89
0.4	-0.2987079	12718.44
0.42	-0.2512532	12718.99
0.42	-0.2512587	12719.54
0.42	-0.2510685	12720.08
0.42	-0.2511983	12720.63
0.42	-0.2511553	12721.18
0.42	-0.2512494	12721.72
0.42	-0.2511456	12722.27
0.42	-0.2511385	12722.82
0.42	-0.2511199	12723.37
0.42	-0.251008	12723.91
0.44	-0.2012243	12724.46
0.44	-0.2014015	12725.01
0.44	-0.2013122	12725.55
0.44	-0.2013219	12726.1
0.44	-0.201238	12726.65
0.44	-0.201135	12727.19
0.44	-0.2012295	12727.74
0.44	-0.2012004	12728.29
0.44	-0.2010767	12728.83
0.44	-0.201145	12729.38
0.46	-0.1503149	12729.93
0.46	-0.150186	12730.48
0.46	-0.1502218	12731.02
0.46	-0.1502512	12731.57
0.46	-0.1500812	12732.12
0.46	-0.150109	12732.66
0.46	-0.149936	12733.21
0.46	-0.1501267	12733.76
0.46	-0.1498947	12734.3
0.46	-0.1500226	12734.85
0.48	-0.09589284	12735.47
0.48	-0.09666955	12736.05
0.48	-0.0966959	12736.59
0.48	-0.09665746	12737.14
0.48	-0.09675212	12737.69
0.48	-0.09658528	12738.23
0.48	-0.09666909	12738.78
0.48	-0.09658832	12739.33
0.48	-0.09649195	12739.87
0.48	-0.09644349	12740.42
0.5	-0.04479969	12740.97
0.5	-0.04474326	12741.52
0.5	-0.04450324	12742.06
0.5	-0.04448308	12742.61
0.5	-0.04453583	12743.16
0.5	-0.04460623	12743.71
0.5	-0.04451952	12744.26
0.5	-0.04436373	12744.8
0.5	-0.04432808	12745.35
0.5	-0.04426582	12745.9
0.52	0.005312407	12746.52
0.52	0.007630895	12747.09
0.52	0.00767201	12747.64
0.52	0.007817822	12748.19
0.52	0.007813131	12748.74
0.52	0.007893819	12749.28
0.52	0.007976175	12749.83
0.52	0.008081343	12750.38
0.52	0.008122945	12750.92
0.52	0.008121226	12751.47
0.54	0.06164201	12752.15
0.54	0.06234725	12752.71
0.54	0.06232376	12753.26
0.54	0.06230053	12753.81
0.54	0.06246894	12754.36
0.54	0.06242764	12754.9
0.54	0.0624651	12755.45
0.54	0.06260216	12756
0.54	0.0626542	12756.54
0.54	0.06268333	12757.09
0.56	0.1157732	12757.7
0.56	0.1158735	12758.28
0.56	0.1160157	12758.83
0.56	0.1159734	12759.38
0.56	0.1160734	12759.93
0.56	0.1160953	12760.47
0.56	0.1161835	12761.02
0.56	0.1162654	12761.57
0.56	0.1163859	12762.11
0.56	0.1163117	12762.66
0.58	0.1716902	12763.21
0.58	0.1716383	12763.76
0.58	0.1716409	12764.3
0.58	0.1717033	12764.85
0.58	0.1717817	12765.4
0.58	0.1718387	12765.94
0.58	0.171869	12766.49
0.58	0.1719661	12767.04
0.58	0.1719708	12767.58
0.58	0.1720773	12768.13
0.6	0.2274635	12768.68
0.6	0.2275196	12769.22
0.6	0.2275711	12769.77
0.6	0.2276579	12770.32
0.6	0.2277455	12770.87
0.6	0.2277495	12771.41
0.6	0.2278566	12771.96
0.6	0.2279508	12772.51
0.6	0.2280401	12773.06
0.6	0.2280017	12773.6
0.62	0.2830056	12774.15
0.62	0.2830806	12774.7
0.62	0.283072	12775.25
0.62	0.2832171	12775.79
0.62	0.2834133	12776.34
0.62	0.2834766	12776.89
0.62	0.2835424	12777.43
0.62	0.2837086	12777.98
0.62	0.2837716	12778.53
0.62	0.2838462	12779.07
0.64	0.3401183	12779.62
0.64	0.3401555	12780.17
0.64	0.3402297	12780.71
0.64	0.3402942	12781.26
0.64	0.3404035	12781.81
0.64	0.3404341	12782.36
0.64	0.3405485	12782.9
0.64	0.3405081	12783.45
0.64	0.340489	12784
0.64	0.340686	12784.54
0.66	0.3964554	12785.09
0.66	0.3964949	12785.64
0.66	0.3966054	12786.18
0.66	0.396708	12786.73
0.66	0.3966875	12787.28
0.66	0.3968299	12787.83
0.66	0.3969243	12788.37
0.66	0.3969564	12788.92
0.66	0.3970336	12789.47
0.66	0.3971607	12790.01
0.68	0.454143	12790.56
0.68	0.4541375	12791.11
0.68	0.4542755	12791.65
0.68	0.4543779	12792.2
0.68	0.4545053	12792.75
0.68	0.4544483	12793.3
0.68	0.4545923	12793.84
0.68	0.4547864	12794.39
0.68	0.4548605	12794.94
0.68	0.4548807	12795.48
0.7	0.5113183	12796.03
0.7	0.5114208	12796.58
0.7	0.5115008	12797.13
0.7	0.5115159	12797.67
0.7	0.5116846	12798.22
0.7	0.5117738	12798.77
0.7	0.5119374	12799.31
0.7	0.5120361	12799.86
0.7	0.5121536	12800.41
0.7	0.5122889	12800.95
0.72	0.5699388	12801.5
0.72	0.5699662	12802.05
0.72	0.5700059	12802.59
0.72	0.5701451	12803.14
0.72	0.570243	12803.69
0.72	0.5703734	12804.24
0.72	0.5705567	12804.78
0.72	0.5705359	12805.33
0.72	0.5706699	12805.88
0.72	0.5707336	12806.42
0.74	0.6277311	12806.97
0.74	0.6278117	12807.52
0.74	0.6279237	12808.06
0.74	0.6280195	12808.61
0.74	0.6281022	12809.16
0.74	0.6282463	12809.71
0.74	0.6283176	12810.25
0.74	0.6284168	12810.8
0.74	0.628503	12811.35
0.74	0.6285653	12811.89
0.76	0.6866913	12812.44
0.76	0.6868383	12812.99
0.76	0.6868849	12813.54
0.76	0.6869677	12814.08
0.76	0.6870655	12814.63
0.76	0.6871642	12815.18
0.76	0.687248	12815.72
0.76	0.6873617	12816.27
0.76	0.6874276	12816.82
0.76	0.6875376	12817.36
0.78	0.7458726	12817.91
0.78	0.7459519	12818.46
0.78	0.7460432	12819
0.78	0.7461624	12819.55
0.78	0.7462763	12820.1
0.78	0.7467382	12820.65
0.78	0.7465098	12821.19
0.78	0.7463943	12821.74
0.78	0.7465327	12822.29
0.78	0.7466004	12822.83
0.8	0.8042613	12823.38
0.8	0.8043888	12823.93
0.8	0.8044355	12824.48
0.8	0.804521	12825.02
0.8	0.8045597	12825.57
0.8	0.8046218	12826.12
0.8	0.8047686	12826.67
0.8	0.8048228	12827.21
0.8	0.8048983	12827.76
0.8	0.8050563	12828.31
0.82	0.8638675	12828.86
0.82	0.863954	12829.4
0.82	0.8642007	12829.95
0.82	0.8642581	12830.5
0.82	0.8643803	12831.04
0.82	0.8644754	12831.59
0.82	0.8645615	12832.14
0.82	0.8646551	12832.69
0.82	0.8646531	12833.23
0.82	0.8648047	12833.78
0.84	0.9227304	12834.33
0.84	0.9226693	12834.87
0.84	0.9227083	12835.42
0.84	0.9228086	12835.97
0.84	0.9229367	12836.51
0.84	0.9230508	12837.06
0.84	0.9230174	12837.61
0.84	0.9230984	12838.16
0.84	0.9228951	12838.7
0.84	0.9227664	12839.25
0.86	0.981371	12839.8
0.86	0.9805645	12840.34
0.86	0.980331	12840.89
0.86	0.9803437	12841.44
0.86	0.9804211	12841.99
0.86	0.9804906	12842.53
0.86	0.9805418	12843.08
0.86	0.980556	12843.63
0.86	0.9805816	12844.17
0.86	0.980613	12844.72
0.88	0.9998826	12845.27
0.88	0.9998795	12845.81
0.88	0.9998806	12846.36
0.88	0.9998774	12846.91
0.88	0.9998783	12847.46
0.88	0.9998776	12848
0.88	0.9998828	12848.55
0.88	0.999882	12849.1
0.88	0.9998841	12849.64
0.88	0.9998843	12850.19
0.9	0.9998831	12850.74
0.9	0.999878	12851.28
0.9	0.9998837	12851.83
0.9	0.9998825	12852.38
0.9	0.9998814	12852.92
0.9	0.9998798	12853.47
0.9	0.9998785	12854.02
0.9	0.9998811	12854.57
0.9	0.9998849	12855.11
0.9	0.9998806	12855.66
0.92	0.999881	12856.21
0.92	0.9998786	12856.75
0.92	0.9998828	12857.3
0.92	0.9998875	12857.85
0.92	0.99989	12858.39
0.92	0.9998855	12858.94
0.92	0.9998949	12859.49
0.92	0.9998866	12860.04
0.92	0.9998838	12860.58
0.92	0.9998856	12861.13
0.94	0.9998837	12861.68
0.94	0.9998881	12862.22
0.94	0.9998803	12862.77
0.94	0.999887	12863.32
0.94	0.9998891	12863.86
0.94	0.9998897	12864.41
0.94	0.9998922	12864.96
0.94	0.9998897	12865.5
0.94	0.99989	12866.05
0.94	0.9998876	12866.6
0.96	0.9998856	12867.15
0.96	0.999887	12867.69
0.96	0.9998819	12868.24
0.96	0.9998844	12868.79
0.96	0.9998899	12869.33
0.96	0.9998818	12869.88
0.96	0.9998885	12870.43
0.96	0.9998856	12870.97
0.96	0.9998859	12871.52
0.96	0.999887	12872.07
0.98	0.9998835	12872.62
0.98	0.9998824	12873.16
0.98	0.9998882	12873.71
0.98	0.9998913	12874.26
0.98	0.9998845	12874.8
0.98	0.9998849	12875.35
0.98	0.9998803	12875.9
0.98	0.9998848	12876.44
0.98	0.99988	12876.99
0.98	0.9998882	12877.54
1	0.9998816	12878.08
1	0.9998819	12878.63
1	0.9998828	12879.18
1	0.9998862	12879.73
1	0.9998903	12880.27
1	0.9998811	12880.82
1	0.9998849	12881.37
1	0.9998866	12881.92
1	0.9998829	12882.46
1	0.999888	12883.01
