Messtemperatur      21∞C
U-Bereich           -1V   bis 1V
Anzahl der Meﬂpunkte     100
delay nach Einstellen der Spannung  s
Strombegrenzung     1 A
Kontakt             x
Beleuchtung         d
Kommentar eingeben

voltage / V   current / A   time

-1	-3.251509E-06	3095.401
-1	-3.350234E-06	3095.958
-1	-3.299063E-06	3096.506
-1	-3.275743E-06	3097.054
-1	-3.256194E-06	3097.601
-1	-3.284606E-06	3098.147
-1	-3.413907E-06	3098.696
-1	-3.286353E-06	3099.243
-1	-3.435402E-06	3099.79
-1	-3.242779E-06	3100.337
-0.98	-3.056382E-06	3100.886
-0.98	-3.03769E-06	3101.433
-0.98	-3.143305E-06	3101.979
-0.98	-3.076222E-06	3102.525
-0.98	-3.04387E-06	3103.072
-0.98	-3.019288E-06	3103.617
-0.98	-3.103552E-06	3104.164
-0.98	-3.087557E-06	3104.711
-0.98	-3.044862E-06	3105.258
-0.98	-3.063369E-06	3105.805
-0.96	-2.864696E-06	3106.352
-0.96	-2.871502E-06	3106.898
-0.96	-2.83771E-06	3107.444
-0.96	-2.78691E-06	3107.991
-0.96	-2.823559E-06	3108.538
-0.96	-2.835625E-06	3109.085
-0.96	-2.888538E-06	3109.632
-0.96	-2.84775E-06	3110.179
-0.96	-2.900231E-06	3110.726
-0.96	-3.045113E-06	3111.271
-0.94	-2.696654E-06	3111.817
-0.94	-2.673826E-06	3112.364
-0.94	-2.690508E-06	3112.911
-0.94	-2.711349E-06	3113.458
-0.94	-2.653647E-06	3114.005
-0.94	-2.687901E-06	3114.552
-0.94	-2.666439E-06	3115.098
-0.94	-2.699072E-06	3115.645
-0.94	-2.691809E-06	3116.191
-0.94	-2.659153E-06	3116.738
-0.92	-2.516021E-06	3117.285
-0.92	-2.699329E-06	3117.832
-0.92	-2.492212E-06	3118.379
-0.92	-2.521899E-06	3118.926
-0.92	-2.52488E-06	3119.473
-0.92	-2.525744E-06	3120.019
-0.92	-2.509167E-06	3120.564
-0.92	-2.532431E-06	3121.11
-0.92	-2.520564E-06	3121.657
-0.92	-2.576321E-06	3122.204
-0.9	-2.43861E-06	3122.751
-0.9	-2.421448E-06	3123.298
-0.9	-2.403855E-06	3123.845
-0.9	-2.355339E-06	3124.392
-0.9	-2.345943E-06	3124.937
-0.9	-2.402871E-06	3125.484
-0.9	-2.408524E-06	3126.031
-0.9	-2.407521E-06	3126.578
-0.9	-2.489245E-06	3127.125
-0.9	-2.442094E-06	3127.672
-0.88	-2.245229E-06	3128.219
-0.88	-2.24674E-06	3128.766
-0.88	-2.370424E-06	3129.312
-0.88	-2.233104E-06	3129.858
-0.88	-2.228311E-06	3130.405
-0.88	-2.227576E-06	3130.952
-0.88	-2.228979E-06	3131.499
-0.88	-2.293748E-06	3132.046
-0.88	-2.25803E-06	3132.593
-0.88	-2.280348E-06	3133.139
-0.86	-2.137462E-06	3133.686
-0.86	-2.107673E-06	3134.232
-0.86	-2.103958E-06	3134.779
-0.86	-2.120437E-06	3135.326
-0.86	-2.105741E-06	3135.873
-0.86	-2.212893E-06	3136.42
-0.86	-2.092108E-06	3136.967
-0.86	-2.181317E-06	3137.514
-0.86	-2.107586E-06	3138.061
-0.86	-2.260863E-06	3138.607
-0.84	-1.949226E-06	3139.153
-0.84	-2.051684E-06	3139.7
-0.84	-2.101547E-06	3140.247
-0.84	-2.087599E-06	3140.794
-0.84	-2.007345E-06	3141.341
-0.84	-1.955636E-06	3141.888
-0.84	-1.924798E-06	3142.435
-0.84	-1.965834E-06	3142.981
-0.84	-1.933901E-06	3143.528
-0.84	-1.967274E-06	3144.074
-0.82	-1.864286E-06	3144.621
-0.82	-1.857547E-06	3145.168
-0.82	-1.903433E-06	3145.715
-0.82	-1.822902E-06	3146.261
-0.82	-1.830835E-06	3146.808
-0.82	-1.894346E-06	3147.354
-0.82	-1.879731E-06	3147.901
-0.82	-1.839049E-06	3148.448
-0.82	-1.872997E-06	3148.995
-0.82	-1.858219E-06	3149.542
-0.8	-1.856951E-06	3150.089
-0.8	-1.892954E-06	3150.636
-0.8	-1.871161E-06	3151.184
-0.8	-1.881197E-06	3151.729
-0.8	-1.734546E-06	3152.276
-0.8	-1.732631E-06	3152.824
-0.8	-1.726219E-06	3153.371
-0.8	-1.739549E-06	3153.918
-0.8	-1.885435E-06	3154.465
-0.8	-1.771091E-06	3155.012
-0.78	-1.61686E-06	3155.559
-0.78	-1.624875E-06	3156.105
-0.78	-1.754082E-06	3156.651
-0.78	-1.604642E-06	3157.198
-0.78	-1.588927E-06	3157.745
-0.78	-1.603498E-06	3158.292
-0.78	-1.598983E-06	3158.838
-0.78	-1.623548E-06	3159.385
-0.78	-1.601534E-06	3159.931
-0.78	-1.583693E-06	3160.478
-0.76	-1.475304E-06	3161.023
-0.76	-1.541073E-06	3161.57
-0.76	-1.562145E-06	3162.116
-0.76	-1.699109E-06	3162.663
-0.76	-1.688361E-06	3163.21
-0.76	-1.685216E-06	3163.757
-0.76	-1.621148E-06	3164.303
-0.76	-1.548173E-06	3164.85
-0.76	-1.540673E-06	3165.396
-0.76	-1.676537E-06	3165.942
-0.74	-1.59159E-06	3166.489
-0.74	-1.58723E-06	3167.036
-0.74	-1.572597E-06	3167.583
-0.74	-1.586293E-06	3168.13
-0.74	-1.595413E-06	3168.677
-0.74	-1.590881E-06	3169.224
-0.74	-1.576045E-06	3169.771
-0.74	-1.532522E-06	3170.316
-0.74	-1.593768E-06	3170.864
-0.74	-1.600315E-06	3171.411
-0.72	-1.509718E-06	3171.958
-0.72	-1.352953E-06	3172.505
-0.72	-1.439559E-06	3173.052
-0.72	-1.366069E-06	3173.599
-0.72	-1.316556E-06	3174.146
-0.72	-1.306426E-06	3174.693
-0.72	-1.300838E-06	3175.239
-0.72	-1.313802E-06	3175.786
-0.72	-1.30853E-06	3176.333
-0.72	-1.32246E-06	3176.88
-0.7	-1.211571E-06	3177.427
-0.7	-1.214142E-06	3177.974
-0.7	-1.215207E-06	3178.521
-0.7	-1.193709E-06	3179.067
-0.7	-1.222835E-06	3179.614
-0.7	-1.209626E-06	3180.16
-0.7	-1.207511E-06	3180.707
-0.7	-1.313517E-06	3181.254
-0.7	-1.330523E-06	3181.8
-0.7	-1.323476E-06	3182.346
-0.68	-1.102591E-06	3182.893
-0.68	-1.107951E-06	3183.439
-0.68	-1.264061E-06	3183.986
-0.68	-1.198342E-06	3184.533
-0.68	-1.267561E-06	3185.08
-0.68	-1.123513E-06	3185.627
-0.68	-1.230454E-06	3186.174
-0.68	-1.228406E-06	3186.721
-0.68	-1.126879E-06	3187.267
-0.68	-1.134872E-06	3187.814
-0.66	-1.040206E-06	3188.36
-0.66	-1.029476E-06	3188.908
-0.66	-1.110494E-06	3189.455
-0.66	-1.017092E-06	3190.002
-0.66	-1.022958E-06	3190.549
-0.66	-1.011831E-06	3191.096
-0.66	-1.017934E-06	3191.644
-0.66	-1.023037E-06	3192.188
-0.66	-1.022909E-06	3192.736
-0.66	-1.14904E-06	3193.282
-0.64	-1.062371E-06	3193.828
-0.64	-1.044916E-06	3194.375
-0.64	-9.50437E-07	3195.002
-0.64	-9.660787E-07	3195.57
-0.64	-9.621752E-07	3196.117
-0.64	-9.525753E-07	3196.663
-0.64	-9.494315E-07	3197.21
-0.64	-9.686149E-07	3197.757
-0.64	-9.566457E-07	3198.303
-0.64	-9.615526E-07	3198.85
-0.62	-8.740432E-07	3199.396
-0.62	-9.566148E-07	3199.942
-0.62	-8.549662E-07	3200.489
-0.62	-8.552091E-07	3201.035
-0.62	-9.850827E-07	3201.581
-0.62	-8.666191E-07	3202.128
-0.62	-8.697664E-07	3202.675
-0.62	-8.562709E-07	3203.222
-0.62	-8.664939E-07	3203.768
-0.62	-9.052916E-07	3204.313
-0.6	-8.147763E-07	3204.86
-0.6	-7.929168E-07	3205.407
-0.6	-8.184575E-07	3205.954
-0.6	-7.875946E-07	3206.501
-0.6	-7.880892E-07	3207.048
-0.6	-8.946587E-07	3207.596
-0.6	-7.990663E-07	3208.142
-0.6	-7.843E-07	3208.689
-0.6	-7.796422E-07	3209.236
-0.6	-7.930589E-07	3209.783
-0.58	-7.038464E-07	3210.33
-0.58	-7.055111E-07	3210.877
-0.58	-7.276368E-07	3211.423
-0.58	-7.155078E-07	3211.97
-0.58	-7.214588E-07	3212.517
-0.58	-7.256738E-07	3213.062
-0.58	-7.048696E-07	3213.609
-0.58	-7.097657E-07	3214.156
-0.58	-7.186126E-07	3214.703
-0.58	-7.088558E-07	3215.249
-0.56	-6.283379E-07	3215.796
-0.56	-6.327577E-07	3216.342
-0.56	-6.688364E-07	3216.889
-0.56	-6.754121E-07	3217.436
-0.56	-6.480205E-07	3217.981
-0.56	-6.534361E-07	3218.528
-0.56	-6.362338E-07	3219.075
-0.56	-6.3754E-07	3219.622
-0.56	-6.243169E-07	3220.169
-0.56	-6.361382E-07	3220.716
-0.54	-5.63578E-07	3221.263
-0.54	-5.814861E-07	3221.811
-0.54	-5.592347E-07	3222.357
-0.54	-5.812549E-07	3222.904
-0.54	-5.716948E-07	3223.451
-0.54	-5.680155E-07	3223.998
-0.54	-5.626532E-07	3224.545
-0.54	-5.492179E-07	3225.092
-0.54	-5.634333E-07	3225.639
-0.54	-5.625212E-07	3226.187
-0.52	-4.807546E-07	3226.733
-0.52	-4.82356E-07	3227.28
-0.52	-4.955486E-07	3227.827
-0.52	-5.018097E-07	3228.373
-0.52	-4.711795E-07	3228.92
-0.52	-4.859675E-07	3229.467
-0.52	-4.979291E-07	3230.014
-0.52	-4.969006E-07	3230.561
-0.52	-4.740951E-07	3231.106
-0.52	-4.835654E-07	3231.653
-0.5	-4.153241E-07	3232.2
-0.5	-4.004664E-07	3232.747
-0.5	-4.160968E-07	3233.294
-0.5	-4.218212E-07	3233.841
-0.5	-4.272765E-07	3234.388
-0.5	-4.132121E-07	3234.935
-0.5	-4.139122E-07	3235.481
-0.5	-4.271382E-07	3236.028
-0.5	-5.068408E-07	3236.576
-0.5	-4.000876E-07	3237.123
-0.48	-3.36593E-07	3237.671
-0.48	-3.555278E-07	3238.218
-0.48	-4.31442E-07	3238.764
-0.48	-4.316326E-07	3239.311
-0.48	-3.874441E-07	3239.856
-0.48	-3.512637E-07	3240.403
-0.48	-3.555592E-07	3240.95
-0.48	-3.528708E-07	3241.496
-0.48	-3.279151E-07	3242.043
-0.48	-3.610016E-07	3242.589
-0.46	-2.873802E-07	3243.137
-0.46	-2.767843E-07	3243.682
-0.46	-3.529501E-07	3244.229
-0.46	-3.473159E-07	3244.775
-0.46	-2.97643E-07	3245.321
-0.46	-2.72325E-07	3245.868
-0.46	-3.004515E-07	3246.415
-0.46	-2.94147E-07	3246.962
-0.46	-2.875468E-07	3247.508
-0.46	-3.037795E-07	3248.055
-0.44	-2.28689E-07	3248.601
-0.44	-2.19176E-07	3249.147
-0.44	-2.31562E-07	3249.694
-0.44	-2.211176E-07	3250.241
-0.44	-2.221031E-07	3250.788
-0.44	-2.350786E-07	3251.335
-0.44	-2.35725E-07	3251.882
-0.44	-2.274353E-07	3252.427
-0.44	-2.265611E-07	3252.974
-0.44	-2.236577E-07	3253.521
-0.42	-1.579082E-07	3254.067
-0.42	-1.64866E-07	3254.613
-0.42	-1.654088E-07	3255.161
-0.42	-1.675751E-07	3255.706
-0.42	-1.653403E-07	3256.253
-0.42	-1.720696E-07	3256.799
-0.42	-1.651282E-07	3257.346
-0.42	-1.798261E-07	3257.893
-0.42	-1.74162E-07	3258.438
-0.42	-2.469918E-07	3258.985
-0.4	-1.171919E-07	3259.533
-0.4	-1.182428E-07	3260.08
-0.4	-1.268161E-07	3260.627
-0.4	-1.134929E-07	3261.174
-0.4	-1.155497E-07	3261.721
-0.4	-1.099689E-07	3262.268
-0.4	-1.087918E-07	3262.814
-0.4	-1.146265E-07	3263.361
-0.4	-1.127938E-07	3263.908
-0.4	-1.152053E-07	3264.456
-0.38	-5.197268E-08	3265.002
-0.38	-1.09904E-07	3265.549
-0.38	-1.05657E-07	3266.096
-0.38	-3.741085E-08	3266.642
-0.38	-4.054848E-08	3267.188
-0.38	-3.598934E-08	3267.735
-0.38	-1.099897E-07	3268.283
-0.38	-5.245039E-08	3268.828
-0.38	-4.12564E-08	3269.375
-0.38	-2.47355E-08	3269.922
-0.36	1.203499E-08	3270.469
-0.36	1.391751E-08	3271.016
-0.36	1.585682E-08	3271.562
-0.36	1.377903E-08	3272.109
-0.36	5.179118E-09	3272.656
-0.36	1.166882E-08	3273.203
-0.36	1.608293E-08	3273.749
-0.36	-5.565544E-08	3274.297
-0.36	9.159041E-09	3274.843
-0.36	2.568251E-08	3275.39
-0.34	6.824997E-08	3275.937
-0.34	8.160064E-08	3276.483
-0.34	6.917071E-08	3277.029
-0.34	8.009584E-08	3277.576
-0.34	7.788988E-08	3278.122
-0.34	4.901559E-08	3278.668
-0.34	6.359695E-08	3279.215
-0.34	7.446553E-08	3279.762
-0.34	6.426679E-08	3280.309
-0.34	7.295081E-08	3280.855
-0.32	1.11419E-07	3281.402
-0.32	1.228703E-07	3281.948
-0.32	7.435006E-08	3282.495
-0.32	9.013166E-08	3283.042
-0.32	8.312079E-08	3283.589
-0.32	7.783394E-08	3284.136
-0.32	8.478578E-08	3284.682
-0.32	6.581097E-08	3285.229
-0.32	8.404048E-08	3285.773
-0.32	7.795097E-08	3286.32
-0.3	1.084524E-07	3286.867
-0.3	1.656312E-07	3287.414
-0.3	1.316928E-07	3287.961
-0.3	1.37588E-07	3288.508
-0.3	1.321677E-07	3289.055
-0.3	1.323843E-07	3289.602
-0.3	1.286462E-07	3290.148
-0.3	1.204008E-07	3290.695
-0.3	1.216574E-07	3291.243
-0.3	1.316025E-07	3291.79
-0.28	1.743775E-07	3292.337
-0.28	1.858237E-07	3292.884
-0.28	2.216564E-07	3293.431
-0.28	2.205112E-07	3293.978
-0.28	2.015292E-07	3294.524
-0.28	2.000577E-07	3295.071
-0.28	2.073609E-07	3295.618
-0.28	2.135487E-07	3296.165
-0.28	2.305289E-07	3296.712
-0.28	2.264571E-07	3297.258
-0.26	2.677898E-07	3297.805
-0.26	2.703734E-07	3298.352
-0.26	2.659154E-07	3298.898
-0.26	2.819147E-07	3299.445
-0.26	2.761979E-07	3299.991
-0.26	2.751621E-07	3300.538
-0.26	2.64109E-07	3301.085
-0.26	2.648397E-07	3301.631
-0.26	2.681504E-07	3302.178
-0.26	2.736752E-07	3302.725
-0.24	3.223423E-07	3303.271
-0.24	3.127135E-07	3303.818
-0.24	3.131272E-07	3304.364
-0.24	3.057801E-07	3304.912
-0.24	3.105518E-07	3305.458
-0.24	2.772785E-07	3306.005
-0.24	3.184666E-07	3306.552
-0.24	3.161765E-07	3307.099
-0.24	3.065462E-07	3307.646
-0.24	3.173529E-07	3308.192
-0.22	3.582958E-07	3308.738
-0.22	3.559791E-07	3309.285
-0.22	3.521728E-07	3309.832
-0.22	3.512283E-07	3310.378
-0.22	3.509358E-07	3310.925
-0.22	3.563713E-07	3311.472
-0.22	3.509682E-07	3312.018
-0.22	3.497541E-07	3312.564
-0.22	3.468595E-07	3313.111
-0.22	3.489444E-07	3313.658
-0.2	3.908129E-07	3314.205
-0.2	3.87684E-07	3314.751
-0.2	3.893678E-07	3315.297
-0.2	3.924441E-07	3315.844
-0.2	3.904468E-07	3316.391
-0.2	3.890624E-07	3316.938
-0.2	3.579875E-07	3317.484
-0.2	3.349757E-07	3318.031
-0.2	3.621092E-07	3318.579
-0.2	3.662723E-07	3319.126
-0.18	4.122929E-07	3319.673
-0.18	4.267054E-07	3320.22
-0.18	4.270305E-07	3320.767
-0.18	4.19556E-07	3321.313
-0.18	4.021177E-07	3321.859
-0.18	4.167567E-07	3322.406
-0.18	4.206929E-07	3322.953
-0.18	4.250571E-07	3323.5
-0.18	4.192569E-07	3324.046
-0.18	4.190157E-07	3324.593
-0.16	4.601732E-07	3325.14
-0.16	4.639959E-07	3325.687
-0.16	4.651192E-07	3326.233
-0.16	4.634382E-07	3326.78
-0.16	4.584848E-07	3327.326
-0.16	4.551931E-07	3327.873
-0.16	4.585049E-07	3328.42
-0.16	4.546422E-07	3328.967
-0.16	4.543243E-07	3329.514
-0.16	4.587524E-07	3330.061
-0.14	4.867176E-07	3330.607
-0.14	4.945423E-07	3331.155
-0.14	4.928403E-07	3331.7
-0.14	4.974095E-07	3332.247
-0.14	4.917123E-07	3332.793
-0.14	4.940961E-07	3333.34
-0.14	4.941213E-07	3333.887
-0.14	4.93768E-07	3334.434
-0.14	4.915631E-07	3334.98
-0.14	4.971658E-07	3335.526
-0.12	5.208108E-07	3336.074
-0.12	5.263914E-07	3336.62
-0.12	5.221841E-07	3337.167
-0.12	5.207636E-07	3337.714
-0.12	5.066769E-07	3338.26
-0.12	5.163604E-07	3338.807
-0.12	5.205876E-07	3339.353
-0.12	5.127533E-07	3339.899
-0.12	5.151729E-07	3340.445
-0.12	5.211496E-07	3340.993
-0.1	5.509791E-07	3341.539
-0.1	5.4387E-07	3342.086
-0.1	5.582603E-07	3342.632
-0.1	5.489101E-07	3343.179
-0.1	5.539666E-07	3343.726
-0.1	5.564579E-07	3344.272
-0.1	5.578591E-07	3344.819
-0.1	5.428152E-07	3345.366
-0.1	5.426645E-07	3345.913
-0.1	5.543166E-07	3346.461
-0.08	5.785446E-07	3347.008
-0.08	5.86601E-07	3347.554
-0.08	5.854585E-07	3348.101
-0.08	5.814791E-07	3348.647
-0.08	5.835046E-07	3349.194
-0.08	5.842888E-07	3349.741
-0.08	5.828196E-07	3350.288
-0.08	5.833173E-07	3350.835
-0.08	5.851541E-07	3351.381
-0.08	5.787514E-07	3351.927
-0.06	6.06312E-07	3352.473
-0.06	6.067462E-07	3353.02
-0.06	6.077794E-07	3353.567
-0.06	6.083804E-07	3354.114
-0.06	5.95897E-07	3354.661
-0.06	6.047409E-07	3355.208
-0.06	6.029631E-07	3355.755
-0.06	6.023284E-07	3356.302
-0.06	5.975913E-07	3356.848
-0.06	5.770838E-07	3357.394
-0.04	6.076254E-07	3357.939
-0.04	6.124469E-07	3358.485
-0.04	6.110551E-07	3359.031
-0.04	6.114224E-07	3359.578
-0.04	6.110004E-07	3360.125
-0.04	6.111137E-07	3360.672
-0.04	6.114514E-07	3361.219
-0.04	6.096541E-07	3361.767
-0.04	6.083181E-07	3362.312
-0.04	6.086956E-07	3362.857
-0.02	6.345285E-07	3363.404
-0.02	6.336608E-07	3363.951
-0.02	6.291129E-07	3364.498
-0.02	6.308323E-07	3365.045
-0.02	6.340119E-07	3365.591
-0.02	6.316692E-07	3366.138
-0.02	6.297933E-07	3366.685
-0.02	6.271545E-07	3367.232
-0.02	6.307026E-07	3367.779
-0.02	6.31416E-07	3368.325
0	6.578617E-07	3368.87
0	6.566236E-07	3369.418
0	6.552743E-07	3369.965
0	6.534762E-07	3370.512
0	6.530812E-07	3371.06
0	6.521743E-07	3371.607
0	6.508556E-07	3372.155
0	6.487246E-07	3372.703
0	6.407041E-07	3373.251
0	6.423025E-07	3373.799
0.02	6.728824E-07	3374.347
0.02	6.732746E-07	3374.894
0.02	6.708149E-07	3375.439
0.02	6.701065E-07	3375.985
0.02	6.706208E-07	3376.531
0.02	6.693053E-07	3377.078
0.02	6.68927E-07	3377.624
0.02	6.664554E-07	3378.171
0.02	6.665311E-07	3378.718
0.02	6.643614E-07	3379.265
0.04	6.983163E-07	3379.812
0.04	6.962628E-07	3380.357
0.04	6.938927E-07	3380.903
0.04	6.935774E-07	3381.449
0.04	6.890134E-07	3381.996
0.04	6.893708E-07	3382.542
0.04	6.882998E-07	3383.088
0.04	6.876142E-07	3383.634
0.04	6.85941E-07	3384.18
0.04	6.847114E-07	3384.726
0.06	7.101809E-07	3385.272
0.06	7.094886E-07	3385.819
0.06	7.105053E-07	3386.366
0.06	7.074148E-07	3386.913
0.06	7.09399E-07	3387.46
0.06	7.070711E-07	3388.007
0.06	7.082585E-07	3388.554
0.06	7.070032E-07	3389.1
0.06	7.096895E-07	3389.646
0.06	7.06435E-07	3390.191
0.08	7.388289E-07	3390.738
0.08	7.344001E-07	3391.284
0.08	7.333825E-07	3391.831
0.08	7.290533E-07	3392.377
0.08	7.297147E-07	3392.923
0.08	7.261991E-07	3393.469
0.08	7.105568E-07	3394.015
0.08	7.355424E-07	3394.562
0.08	7.347099E-07	3395.108
0.08	7.374285E-07	3395.655
0.1	7.616804E-07	3396.201
0.1	7.647984E-07	3396.748
0.1	7.612726E-07	3397.421
0.1	7.628717E-07	3397.992
0.1	7.806129E-07	3398.539
0.1	7.648921E-07	3399.086
0.1	7.632901E-07	3399.633
0.1	7.606545E-07	3400.18
0.1	7.629587E-07	3400.727
0.1	7.596557E-07	3401.274
0.12	7.884894E-07	3401.821
0.12	7.898225E-07	3402.368
0.12	7.937719E-07	3402.915
0.12	7.905848E-07	3403.462
0.12	7.925702E-07	3404.009
0.12	7.892676E-07	3404.556
0.12	8.065998E-07	3405.103
0.12	7.952801E-07	3405.648
0.12	7.82514E-07	3406.195
0.12	7.829865E-07	3406.742
0.14	8.179323E-07	3407.289
0.14	8.144683E-07	3407.836
0.14	8.203776E-07	3408.383
0.14	8.053962E-07	3408.93
0.14	8.065734E-07	3409.477
0.14	8.020563E-07	3410.023
0.14	8.112061E-07	3410.569
0.14	7.77385E-07	3411.116
0.14	7.726751E-07	3411.662
0.14	7.727771E-07	3412.209
0.16	8.208934E-07	3412.756
0.16	8.0429E-07	3413.303
0.16	8.057492E-07	3413.85
0.16	8.11561E-07	3414.396
0.16	8.291998E-07	3414.943
0.16	8.379257E-07	3415.49
0.16	8.300224E-07	3416.037
0.16	8.356872E-07	3416.583
0.16	8.06701E-07	3417.13
0.16	8.103949E-07	3417.677
0.18	8.496014E-07	3418.224
0.18	8.473598E-07	3418.771
0.18	8.563513E-07	3419.316
0.18	8.5992E-07	3419.863
0.18	8.554494E-07	3420.41
0.18	8.54331E-07	3420.956
0.18	8.606024E-07	3421.503
0.18	8.531786E-07	3422.05
0.18	8.529123E-07	3422.597
0.18	8.556751E-07	3423.144
0.2	8.89561E-07	3423.689
0.2	8.880376E-07	3424.236
0.2	8.814702E-07	3424.783
0.2	9.108148E-07	3425.331
0.2	9.134222E-07	3425.878
0.2	8.992867E-07	3426.425
0.2	9.148583E-07	3426.972
0.2	8.988561E-07	3427.519
0.2	9.077408E-07	3428.065
0.2	8.876965E-07	3428.612
0.22	9.230222E-07	3429.16
0.22	9.07685E-07	3429.706
0.22	9.112338E-07	3430.253
0.22	9.071169E-07	3430.8
0.22	9.119906E-07	3431.346
0.22	9.118542E-07	3431.894
0.22	9.434607E-07	3432.438
0.22	9.085369E-07	3432.985
0.22	9.121919E-07	3433.532
0.22	9.448858E-07	3434.079
0.24	9.71405E-07	3434.626
0.24	9.404146E-07	3435.172
0.24	9.515657E-07	3435.719
0.24	9.569328E-07	3436.267
0.24	9.578442E-07	3436.812
0.24	9.582143E-07	3437.358
0.24	9.588249E-07	3437.905
0.24	9.574412E-07	3438.451
0.24	9.479502E-07	3438.998
0.24	9.61772E-07	3439.545
0.26	9.926093E-07	3440.091
0.26	1.005809E-06	3440.638
0.26	1.002936E-06	3441.185
0.26	1.00808E-06	3441.731
0.26	1.008847E-06	3442.279
0.26	1.001809E-06	3442.825
0.26	1.006203E-06	3443.373
0.26	1.004849E-06	3443.919
0.26	1.004451E-06	3444.465
0.26	1.004348E-06	3445.012
0.28	1.055017E-06	3445.697
0.28	1.046097E-06	3446.254
0.28	1.053229E-06	3446.801
0.28	1.047197E-06	3447.348
0.28	1.046901E-06	3447.895
0.28	1.052754E-06	3448.441
0.28	1.105762E-06	3448.987
0.28	1.10366E-06	3449.534
0.28	1.049541E-06	3450.082
0.28	1.04866E-06	3450.629
0.3	1.115134E-06	3451.176
0.3	1.122338E-06	3451.723
0.3	1.124221E-06	3452.27
0.3	1.123074E-06	3452.816
0.3	1.132046E-06	3453.363
0.3	1.131601E-06	3453.911
0.3	1.135709E-06	3454.457
0.3	1.12793E-06	3455.005
0.3	1.123904E-06	3455.552
0.3	1.112553E-06	3456.099
0.32	1.162969E-06	3456.646
0.32	1.16732E-06	3457.192
0.32	1.167271E-06	3457.739
0.32	1.181316E-06	3458.286
0.32	1.193542E-06	3458.834
0.32	1.187799E-06	3459.381
0.32	1.1835E-06	3459.928
0.32	1.181585E-06	3460.475
0.32	1.185454E-06	3461.021
0.32	1.188313E-06	3461.568
0.34	1.231305E-06	3462.115
0.34	1.23121E-06	3462.661
0.34	1.198702E-06	3463.208
0.34	1.207329E-06	3463.756
0.34	1.200003E-06	3464.303
0.34	1.219431E-06	3464.85
0.34	1.212614E-06	3465.396
0.34	1.202758E-06	3465.943
0.34	1.203436E-06	3466.489
0.34	1.21041E-06	3467.036
0.36	1.259425E-06	3467.583
0.36	1.257822E-06	3468.13
0.36	1.245945E-06	3468.677
0.36	1.252859E-06	3469.224
0.36	1.251225E-06	3469.771
0.36	1.323289E-06	3470.317
0.36	1.320056E-06	3470.863
0.36	1.319198E-06	3471.409
0.36	1.298637E-06	3471.956
0.36	1.304945E-06	3472.504
0.38	1.375264E-06	3473.051
0.38	1.365547E-06	3473.598
0.38	1.364982E-06	3474.144
0.38	1.398028E-06	3474.69
0.38	1.371884E-06	3475.237
0.38	1.369558E-06	3475.784
0.38	1.381211E-06	3476.33
0.38	1.331688E-06	3476.877
0.38	1.327088E-06	3477.423
0.38	1.319029E-06	3477.97
0.4	1.396634E-06	3478.517
0.4	1.357864E-06	3479.063
0.4	1.444388E-06	3479.61
0.4	1.439025E-06	3480.157
0.4	1.443389E-06	3480.705
0.4	1.430941E-06	3481.252
0.4	1.363676E-06	3481.799
0.4	1.375427E-06	3482.346
0.4	1.376372E-06	3482.893
0.4	1.359637E-06	3483.439
0.42	1.404934E-06	3483.986
0.42	1.423546E-06	3484.533
0.42	1.435003E-06	3485.08
0.42	1.435441E-06	3485.628
0.42	1.437701E-06	3486.175
0.42	1.421384E-06	3486.722
0.42	1.431776E-06	3487.269
0.42	1.454079E-06	3487.815
0.42	1.42839E-06	3488.362
0.42	1.4644E-06	3488.908
0.44	1.486106E-06	3489.455
0.44	1.488784E-06	3490.001
0.44	1.485903E-06	3490.547
0.44	1.491672E-06	3491.094
0.44	1.48219E-06	3491.641
0.44	1.493611E-06	3492.188
0.44	1.476366E-06	3492.734
0.44	1.481724E-06	3493.281
0.44	1.480055E-06	3493.827
0.44	1.481427E-06	3494.373
0.46	1.54365E-06	3494.92
0.46	1.552218E-06	3495.467
0.46	1.556397E-06	3496.014
0.46	1.532011E-06	3496.561
0.46	1.528149E-06	3497.107
0.46	1.56148E-06	3497.654
0.46	1.603353E-06	3498.202
0.46	1.539953E-06	3498.747
0.46	1.621754E-06	3499.294
0.46	1.666424E-06	3499.839
0.48	1.624697E-06	3500.386
0.48	1.635869E-06	3500.933
0.48	1.641503E-06	3501.479
0.48	1.645704E-06	3502.026
0.48	1.663735E-06	3502.572
0.48	1.655686E-06	3503.119
0.48	1.636001E-06	3503.666
0.48	1.611845E-06	3504.213
0.48	1.632191E-06	3504.76
0.48	1.669973E-06	3505.307
0.5	1.699515E-06	3505.853
0.5	1.718637E-06	3506.399
0.5	1.696314E-06	3506.946
0.5	1.664435E-06	3507.494
0.5	1.69054E-06	3508.041
0.5	1.723608E-06	3508.589
0.5	1.770249E-06	3509.136
0.5	1.774676E-06	3509.683
0.5	1.763119E-06	3510.229
0.5	1.775461E-06	3510.776
0.52	1.843815E-06	3511.323
0.52	1.835861E-06	3511.87
0.52	1.796936E-06	3512.416
0.52	1.786431E-06	3512.963
0.52	1.78178E-06	3513.509
0.52	1.834007E-06	3514.056
0.52	1.836323E-06	3514.603
0.52	1.786092E-06	3515.149
0.52	1.805265E-06	3515.696
0.52	1.801584E-06	3516.242
0.54	1.87664E-06	3516.788
0.54	1.87626E-06	3517.335
0.54	1.84074E-06	3517.881
0.54	1.857699E-06	3518.428
0.54	1.819204E-06	3518.975
0.54	1.869128E-06	3519.521
0.54	1.87883E-06	3520.068
0.54	1.881138E-06	3520.615
0.54	1.871172E-06	3521.162
0.54	1.888995E-06	3521.708
0.56	1.989376E-06	3522.254
0.56	1.919065E-06	3522.801
0.56	1.919743E-06	3523.348
0.56	1.917996E-06	3523.895
0.56	1.920381E-06	3524.441
0.56	1.94789E-06	3524.988
0.56	1.923264E-06	3525.534
0.56	1.935705E-06	3526.081
0.56	2.049909E-06	3526.628
0.56	1.957205E-06	3527.175
0.58	2.004134E-06	3527.721
0.58	2.008974E-06	3528.268
0.58	2.016131E-06	3528.814
0.58	1.995978E-06	3529.361
0.58	2.031758E-06	3529.908
0.58	2.027603E-06	3530.455
0.58	1.997326E-06	3531.002
0.58	2.045256E-06	3531.548
0.58	1.946453E-06	3532.095
0.58	1.93964E-06	3532.641
0.6	2.014504E-06	3533.187
0.6	1.998978E-06	3533.733
0.6	2.019284E-06	3534.28
0.6	2.036261E-06	3534.827
0.6	1.947807E-06	3535.375
0.6	1.887391E-06	3535.922
0.6	1.870098E-06	3536.469
0.6	1.860724E-06	3537.016
0.6	1.908438E-06	3537.563
0.6	1.99538E-06	3538.109
0.62	2.16441E-06	3538.657
0.62	2.130525E-06	3539.202
0.62	2.120662E-06	3539.75
0.62	2.168913E-06	3540.297
0.62	2.273167E-06	3540.844
0.62	2.246509E-06	3541.391
0.62	2.155698E-06	3541.938
0.62	2.196342E-06	3542.484
0.62	2.17536E-06	3543.031
0.62	2.326617E-06	3543.578
0.64	2.369045E-06	3544.126
0.64	2.343104E-06	3544.673
0.64	2.281682E-06	3545.22
0.64	2.219432E-06	3545.767
0.64	2.191891E-06	3546.313
0.64	2.195745E-06	3546.86
0.64	2.227472E-06	3547.408
0.64	2.262913E-06	3547.953
0.64	2.231119E-06	3548.499
0.64	2.218205E-06	3549.046
0.66	2.332552E-06	3549.593
0.66	2.310878E-06	3550.14
0.66	2.329932E-06	3550.687
0.66	2.270586E-06	3551.233
0.66	2.304311E-06	3551.779
0.66	2.329981E-06	3552.326
0.66	2.415728E-06	3552.872
0.66	2.309935E-06	3553.419
0.66	2.35883E-06	3553.966
0.66	2.277774E-06	3554.513
0.68	2.381726E-06	3555.06
0.68	2.363203E-06	3555.606
0.68	2.382421E-06	3556.153
0.68	2.35391E-06	3556.7
0.68	2.395866E-06	3557.245
0.68	2.354214E-06	3557.791
0.68	2.341277E-06	3558.338
0.68	2.574204E-06	3558.885
0.68	2.480739E-06	3559.432
0.68	2.444422E-06	3559.979
0.7	2.465979E-06	3560.526
0.7	2.490545E-06	3561.072
0.7	2.493892E-06	3561.619
0.7	2.457765E-06	3562.166
0.7	2.46854E-06	3562.713
0.7	2.491042E-06	3563.26
0.7	2.488726E-06	3563.807
0.7	2.518517E-06	3564.353
0.7	2.475762E-06	3564.899
0.7	2.481063E-06	3565.446
0.72	2.587232E-06	3565.992
0.72	2.589348E-06	3566.538
0.72	2.532816E-06	3567.085
0.72	2.545128E-06	3567.631
0.72	2.598478E-06	3568.178
0.72	2.806529E-06	3568.725
0.72	2.643826E-06	3569.271
0.72	2.535507E-06	3569.817
0.72	2.632182E-06	3570.364
0.72	2.561602E-06	3570.912
0.74	2.647607E-06	3571.459
0.74	2.640451E-06	3572.006
0.74	2.682111E-06	3572.553
0.74	2.613542E-06	3573.1
0.74	2.705111E-06	3573.646
0.74	2.835608E-06	3574.193
0.74	2.806475E-06	3574.74
0.74	2.800393E-06	3575.286
0.74	2.791751E-06	3575.833
0.74	2.794024E-06	3576.38
0.76	2.868068E-06	3576.927
0.76	2.914161E-06	3577.474
0.76	2.741202E-06	3578.021
0.76	2.75523E-06	3578.567
0.76	2.889048E-06	3579.113
0.76	2.838289E-06	3579.66
0.76	2.753854E-06	3580.207
0.76	2.75661E-06	3580.754
0.76	2.794397E-06	3581.3
0.76	2.735024E-06	3581.847
0.78	2.844759E-06	3582.395
0.78	3.002418E-06	3582.941
0.78	2.832027E-06	3583.487
0.78	2.828288E-06	3584.034
0.78	2.870969E-06	3584.581
0.78	2.844646E-06	3585.128
0.78	2.894777E-06	3585.675
0.78	2.850687E-06	3586.222
0.78	3.125073E-06	3586.769
0.78	2.898964E-06	3587.314
0.8	2.981939E-06	3587.861
0.8	2.912693E-06	3588.408
0.8	3.003895E-06	3588.955
0.8	2.955607E-06	3589.503
0.8	3.151548E-06	3590.05
0.8	2.973704E-06	3590.597
0.8	2.99268E-06	3591.144
0.8	2.945769E-06	3591.69
0.8	3.154835E-06	3592.237
0.8	3.157981E-06	3592.784
0.82	3.03262E-06	3593.332
0.82	3.037486E-06	3593.879
0.82	3.058523E-06	3594.426
0.82	3.047671E-06	3594.973
0.82	3.188205E-06	3595.52
0.82	3.077056E-06	3596.066
0.82	3.04274E-06	3596.613
0.82	3.049709E-06	3597.159
0.82	3.0522E-06	3597.707
0.82	3.055001E-06	3598.254
0.84	3.336841E-06	3598.801
0.84	3.129422E-06	3599.348
0.84	3.221545E-06	3599.895
0.84	3.160922E-06	3600.441
0.84	3.14798E-06	3600.988
0.84	3.155737E-06	3601.534
0.84	3.175713E-06	3602.081
0.84	3.181297E-06	3602.628
0.84	3.215592E-06	3603.175
0.84	3.340713E-06	3603.722
0.86	3.307983E-06	3604.269
0.86	3.360542E-06	3604.815
0.86	3.285708E-06	3605.362
0.86	3.30696E-06	3605.908
0.86	3.28172E-06	3606.454
0.86	3.298931E-06	3607.001
0.86	3.246698E-06	3607.548
0.86	3.240655E-06	3608.095
0.86	3.214253E-06	3608.642
0.86	3.232384E-06	3609.188
0.88	3.429652E-06	3609.735
0.88	3.483618E-06	3610.281
0.88	3.435836E-06	3610.828
0.88	3.606476E-06	3611.375
0.88	3.393609E-06	3611.922
0.88	3.383347E-06	3612.469
0.88	3.345812E-06	3613.016
0.88	3.353055E-06	3613.563
0.88	3.38155E-06	3614.109
0.88	3.390782E-06	3614.656
0.9	3.507144E-06	3615.203
0.9	3.484552E-06	3615.75
0.9	3.499071E-06	3616.297
0.9	3.519133E-06	3616.844
0.9	3.462921E-06	3617.391
0.9	3.510104E-06	3617.937
0.9	3.499637E-06	3618.483
0.9	3.507532E-06	3619.029
0.9	3.484881E-06	3619.575
0.9	3.521316E-06	3620.121
0.92	3.574346E-06	3620.668
0.92	3.602266E-06	3621.215
0.92	3.716088E-06	3621.762
0.92	3.681253E-06	3622.309
0.92	3.794619E-06	3622.854
0.92	3.720769E-06	3623.402
0.92	3.72902E-06	3623.948
0.92	3.669469E-06	3624.495
0.92	3.688025E-06	3625.042
0.92	3.676003E-06	3625.589
0.94	3.756528E-06	3626.136
0.94	3.728326E-06	3626.682
0.94	3.789992E-06	3627.229
0.94	3.732875E-06	3627.775
0.94	3.790201E-06	3628.32
0.94	3.880766E-06	3628.867
0.94	3.980396E-06	3629.414
0.94	3.891673E-06	3629.961
0.94	4.037159E-06	3630.508
0.94	3.980297E-06	3631.055
0.96	4.094141E-06	3631.602
0.96	4.092305E-06	3632.148
0.96	4.107061E-06	3632.695
0.96	4.151516E-06	3633.242
0.96	4.097616E-06	3633.789
0.96	4.093551E-06	3634.336
0.96	3.974641E-06	3634.883
0.96	3.983225E-06	3635.43
0.96	4.104028E-06	3635.977
0.96	3.919362E-06	3636.523
0.98	4.039218E-06	3637.069
0.98	4.044189E-06	3637.616
0.98	4.034786E-06	3638.164
0.98	4.231168E-06	3638.711
0.98	4.09751E-06	3639.258
0.98	4.107384E-06	3639.805
0.98	4.074702E-06	3640.352
0.98	4.076633E-06	3640.898
0.98	4.18922E-06	3641.445
0.98	4.038743E-06	3641.991
1	4.131482E-06	3642.535
1	4.021425E-06	3643.082
1	4.102959E-06	3643.63
1	4.128005E-06	3644.177
1	4.130521E-06	3644.724
1	4.153132E-06	3645.271
1	4.025008E-06	3645.817
1	4.125334E-06	3646.364
1	4.10037E-06	3646.911
1	4.136259E-06	3647.458
