Messtemperatur      21∞C
U-Bereich           -1V   bis 1V
Anzahl der Meﬂpunkte     100
delay nach Einstellen der Spannung  s
Strombegrenzung     0.01 A
Kontakt             x
Beleuchtung         d
Kommentar eingeben

voltage / V   current / A   time

-1	-0.0003705871	10932.13
-1	-0.0003691195	10932.72
-1	-0.0003703192	10933.26
-1	-0.0003691825	10933.81
-1	-0.0003719802	10934.36
-1	-0.0003688518	10934.91
-1	-0.0003706708	10935.58
-1	-0.0003709547	10936.15
-1	-0.000370785	10936.7
-1	-0.0003710882	10937.24
-0.98	-0.0003707885	10937.79
-0.98	-0.000371551	10938.34
-0.98	-0.0003717933	10938.88
-0.98	-0.0003711953	10939.43
-0.98	-0.0003720506	10939.98
-0.98	-0.0003715919	10940.53
-0.98	-0.0003722369	10941.07
-0.98	-0.0003716786	10941.62
-0.98	-0.000371971	10942.17
-0.98	-0.0003723508	10942.71
-0.96	-0.0003697559	10943.26
-0.96	-0.0003714443	10943.81
-0.96	-0.0003694706	10944.35
-0.96	-0.0003707795	10944.9
-0.96	-0.0003696942	10945.45
-0.96	-0.0003712041	10945.99
-0.96	-0.0003711068	10946.54
-0.96	-0.0003707593	10947.09
-0.96	-0.0003721935	10947.63
-0.96	-0.0003716185	10948.18
-0.94	-0.0003707627	10948.73
-0.94	-0.0003708318	10949.28
-0.94	-0.000370256	10949.82
-0.94	-0.0003715528	10950.37
-0.94	-0.0003697941	10950.92
-0.94	-0.0003723727	10951.46
-0.94	-0.0003705825	10952.01
-0.94	-0.0003719995	10952.56
-0.94	-0.0003689005	10953.1
-0.94	-0.0003710284	10953.65
-0.92	-0.0003697826	10954.2
-0.92	-0.0003702686	10954.75
-0.92	-0.0003696871	10955.29
-0.92	-0.000369974	10955.84
-0.92	-0.0003695599	10956.39
-0.92	-0.0003690246	10956.93
-0.92	-0.0003692252	10957.48
-0.92	-0.0003709863	10958.03
-0.92	-0.0003695522	10958.57
-0.92	-0.0003699807	10959.12
-0.9	-0.0003677551	10959.67
-0.9	-0.0003709161	10960.21
-0.9	-0.0003688857	10960.76
-0.9	-0.0003701072	10961.31
-0.9	-0.0003701594	10961.86
-0.9	-0.000371145	10962.4
-0.9	-0.0003709251	10962.95
-0.9	-0.0003719456	10963.5
-0.9	-0.0003717752	10964.04
-0.9	-0.0003723853	10964.59
-0.88	-0.0003698037	10965.14
-0.88	-0.0003729346	10965.68
-0.88	-0.0003723533	10966.23
-0.88	-0.0003736003	10966.78
-0.88	-0.000371611	10967.33
-0.88	-0.0003735442	10967.87
-0.88	-0.0003727368	10968.42
-0.88	-0.0003723914	10968.97
-0.88	-0.0003727882	10969.51
-0.88	-0.000372101	10970.06
-0.86	-0.0003730308	10970.61
-0.86	-0.0003715507	10971.15
-0.86	-0.0003733257	10971.7
-0.86	-0.000373163	10972.25
-0.86	-0.0003723987	10972.79
-0.86	-0.0003728185	10973.34
-0.86	-0.0003733866	10973.89
-0.86	-0.0003744102	10974.43
-0.86	-0.0003737721	10974.98
-0.86	-0.0003744866	10975.53
-0.84	-0.0003743354	10976.08
-0.84	-0.0003738356	10976.62
-0.84	-0.0003742098	10977.17
-0.84	-0.0003736253	10977.72
-0.84	-0.0003749554	10978.26
-0.84	-0.0003738371	10978.81
-0.84	-0.0003758426	10979.36
-0.84	-0.0003748847	10979.91
-0.84	-0.0003750614	10980.45
-0.84	-0.0003739953	10981
-0.82	-0.0003739811	10981.54
-0.82	-0.0003741398	10982.09
-0.82	-0.0003751297	10982.64
-0.82	-0.0003731581	10983.19
-0.82	-0.0003747395	10983.73
-0.82	-0.0003738325	10984.28
-0.82	-0.0003752112	10984.83
-0.82	-0.0003737326	10985.37
-0.82	-0.0003759278	10985.92
-0.82	-0.0003739732	10986.47
-0.8	-0.0003735829	10987.01
-0.8	-0.000374085	10987.56
-0.8	-0.000373929	10988.11
-0.8	-0.0003743231	10988.66
-0.8	-0.0003724593	10989.21
-0.8	-0.0003739811	10989.75
-0.8	-0.0003750532	10990.3
-0.8	-0.0003744428	10990.85
-0.8	-0.0003761477	10991.4
-0.8	-0.0003749261	10991.94
-0.78	-0.0003743793	10992.49
-0.78	-0.0003750951	10993.04
-0.78	-0.0003745592	10993.58
-0.78	-0.0003758376	10994.13
-0.78	-0.0003736725	10994.68
-0.78	-0.0003742528	10995.22
-0.78	-0.0003738215	10995.77
-0.78	-0.0003748236	10996.32
-0.78	-0.0003747096	10996.86
-0.78	-0.0003739182	10997.41
-0.76	-0.0003737579	10997.96
-0.76	-0.0003730961	10998.5
-0.76	-0.0003730641	10999.05
-0.76	-0.0003746852	10999.6
-0.76	-0.0003741293	11000.15
-0.76	-0.0003742148	11000.69
-0.76	-0.0003738299	11001.24
-0.76	-0.0003734209	11001.79
-0.76	-0.0003732103	11002.33
-0.76	-0.0003718786	11002.88
-0.74	-0.0003734416	11003.43
-0.74	-0.0003710594	11003.97
-0.74	-0.0003731076	11004.52
-0.74	-0.0003708289	11005.07
-0.74	-0.0003716509	11005.62
-0.74	-0.000371733	11006.16
-0.74	-0.0003720192	11006.71
-0.74	-0.0003731089	11007.25
-0.74	-0.0003734411	11007.8
-0.74	-0.000372776	11008.35
-0.72	-0.0003711237	11008.9
-0.72	-0.0003707844	11009.44
-0.72	-0.0003729841	11009.99
-0.72	-0.0003714307	11010.54
-0.72	-0.0003714705	11011.08
-0.72	-0.000370815	11011.63
-0.72	-0.0003715482	11012.18
-0.72	-0.0003705971	11012.73
-0.72	-0.0003711332	11013.27
-0.72	-0.0003718602	11013.82
-0.7	-0.0003704388	11014.37
-0.7	-0.0003714238	11014.91
-0.7	-0.0003719149	11015.46
-0.7	-0.0003728117	11016.01
-0.7	-0.0003729724	11016.55
-0.7	-0.0003724991	11017.1
-0.7	-0.0003739072	11017.65
-0.7	-0.0003724279	11018.19
-0.7	-0.000372784	11018.74
-0.7	-0.0003720667	11019.29
-0.68	-0.0003724212	11019.83
-0.68	-0.0003726194	11020.38
-0.68	-0.0003713787	11020.93
-0.68	-0.0003731128	11021.48
-0.68	-0.000373213	11022.02
-0.68	-0.0003738575	11022.57
-0.68	-0.0003717655	11023.12
-0.68	-0.0003742172	11023.66
-0.68	-0.0003734279	11024.21
-0.68	-0.0003735509	11024.76
-0.66	-0.0003722684	11025.3
-0.66	-0.00037286	11025.85
-0.66	-0.0003725439	11026.4
-0.66	-0.0003719407	11026.95
-0.66	-0.0003720002	11027.49
-0.66	-0.0003722166	11028.04
-0.66	-0.0003713008	11028.59
-0.66	-0.0003722121	11029.13
-0.66	-0.0003719944	11029.68
-0.66	-0.0003741616	11030.23
-0.64	-0.0003709782	11030.77
-0.64	-0.0003726467	11031.32
-0.64	-0.0003709764	11031.87
-0.64	-0.0003722917	11032.42
-0.64	-0.0003707987	11032.96
-0.64	-0.0003719255	11033.51
-0.64	-0.0003717921	11034.06
-0.64	-0.000371505	11034.6
-0.64	-0.0003719574	11035.15
-0.64	-0.000372371	11035.7
-0.62	-0.0003703311	11036.24
-0.62	-0.0003724128	11036.79
-0.62	-0.0003705246	11037.34
-0.62	-0.0003715378	11037.88
-0.62	-0.0003698161	11038.43
-0.62	-0.0003712178	11038.98
-0.62	-0.0003699073	11039.53
-0.62	-0.0003724187	11040.07
-0.62	-0.0003708301	11040.62
-0.62	-0.0003716042	11041.17
-0.6	-0.0003710636	11041.71
-0.6	-0.000371266	11042.26
-0.6	-0.0003712583	11042.81
-0.6	-0.0003718041	11043.35
-0.6	-0.0003719053	11043.9
-0.6	-0.0003725296	11044.45
-0.6	-0.0003695993	11045
-0.6	-0.0003733709	11045.54
-0.6	-0.0003716059	11046.09
-0.6	-0.000371405	11046.64
-0.58	-0.0003704892	11047.19
-0.58	-0.0003696156	11047.73
-0.58	-0.0003702605	11048.28
-0.58	-0.0003684144	11048.83
-0.58	-0.0003694453	11049.37
-0.58	-0.0003684445	11049.92
-0.58	-0.000368883	11050.47
-0.58	-0.0003666735	11051.01
-0.58	-0.0003675539	11051.56
-0.58	-0.0003685509	11052.11
-0.56	-0.0003677671	11052.65
-0.56	-0.0003679645	11053.2
-0.56	-0.0003685905	11053.75
-0.56	-0.0003670267	11054.29
-0.56	-0.000368122	11054.84
-0.56	-0.0003672761	11055.39
-0.56	-0.0003694434	11055.94
-0.56	-0.0003689918	11056.48
-0.56	-0.0003676357	11057.03
-0.56	-0.0003733758	11057.58
-0.54	-0.000369759	11058.12
-0.54	-0.0003692542	11058.67
-0.54	-0.000367316	11059.22
-0.54	-0.0003685192	11059.76
-0.54	-0.000367972	11060.31
-0.54	-0.0003679577	11060.86
-0.54	-0.0003681578	11061.41
-0.54	-0.000369144	11061.95
-0.54	-0.0003672872	11062.5
-0.54	-0.000368848	11063.05
-0.52	-0.0003669123	11063.59
-0.52	-0.0003682931	11064.14
-0.52	-0.0003662094	11064.69
-0.52	-0.0003681947	11065.24
-0.52	-0.0003677055	11065.78
-0.52	-0.0003668369	11066.33
-0.52	-0.0003660927	11066.88
-0.52	-0.0003639963	11067.42
-0.52	-0.0003649175	11067.97
-0.52	-0.0003631199	11068.52
-0.5	-0.00036254	11069.06
-0.5	-0.0003637234	11069.61
-0.5	-0.0003640666	11070.16
-0.5	-0.0003639114	11070.71
-0.5	-0.0003635233	11071.25
-0.5	-0.0003635796	11071.8
-0.5	-0.0003641705	11072.35
-0.5	-0.0003621521	11072.89
-0.5	-0.0003633898	11073.44
-0.5	-0.0003621636	11073.99
-0.48	-0.0003630799	11074.54
-0.48	-0.0003615369	11075.08
-0.48	-0.0003630604	11075.63
-0.48	-0.0003439532	11076.18
-0.48	-0.0003434818	11076.72
-0.48	-0.0003437173	11077.27
-0.48	-0.0003433519	11077.82
-0.48	-0.0003433227	11078.37
-0.48	-0.0003422204	11078.91
-0.48	-0.0003428937	11079.46
-0.46	-0.0003426418	11080
-0.46	-0.0003406351	11080.55
-0.46	-0.0003426591	11081.1
-0.46	-0.0003410002	11081.65
-0.46	-0.0003427693	11082.19
-0.46	-0.0003407566	11082.74
-0.46	-0.0003425312	11083.29
-0.46	-0.0003415017	11083.83
-0.46	-0.0003423351	11084.38
-0.46	-0.0003406694	11084.93
-0.44	-0.0003406913	11085.47
-0.44	-0.0003413547	11086.02
-0.44	-0.0003400387	11086.57
-0.44	-0.0003408973	11087.12
-0.44	-0.0003413709	11087.66
-0.44	-0.0003415545	11088.21
-0.44	-0.000343062	11088.76
-0.44	-0.0003425019	11089.3
-0.44	-0.0003444563	11089.85
-0.44	-0.0003425793	11090.4
-0.42	-0.0003428263	11090.95
-0.42	-0.0003416305	11091.49
-0.42	-0.000343103	11092.04
-0.42	-0.0003410813	11092.59
-0.42	-0.0003425876	11093.13
-0.42	-0.0003417783	11093.68
-0.42	-0.0003425512	11094.23
-0.42	-0.0003412143	11094.77
-0.42	-0.0003414328	11095.32
-0.42	-0.0003411404	11095.87
-0.4	-0.0003400889	11096.42
-0.4	-0.0003394375	11096.96
-0.4	-0.0003400634	11097.51
-0.4	-0.0003396703	11098.06
-0.4	-0.000339545	11098.61
-0.4	-0.0003393198	11099.15
-0.4	-0.00034163	11099.7
-0.4	-0.0003394533	11100.25
-0.4	-0.0003409374	11100.79
-0.4	-0.0003403276	11101.34
-0.38	-0.0003404205	11101.89
-0.38	-0.0003387334	11102.44
-0.38	-0.0003393814	11102.98
-0.38	-0.000338562	11103.53
-0.38	-0.0003395299	11104.08
-0.38	-0.0003400131	11104.62
-0.38	-0.0003395068	11105.17
-0.38	-0.000339686	11105.72
-0.38	-0.0003391002	11106.27
-0.38	-0.0003389478	11106.81
-0.36	-0.0003393615	11107.36
-0.36	-0.0003386269	11107.91
-0.36	-0.0003398563	11108.45
-0.36	-0.000338661	11109
-0.36	-0.0003401315	11109.55
-0.36	-0.000339077	11110.09
-0.36	-0.0003425929	11110.64
-0.36	-0.0003415848	11111.19
-0.36	-0.0003426503	11111.74
-0.36	-0.0003425371	11112.28
-0.34	-0.0003419555	11112.83
-0.34	-0.0003425435	11113.38
-0.34	-0.0003415169	11113.92
-0.34	-0.0003412264	11114.47
-0.34	-0.0003410808	11115.02
-0.34	-0.0003423456	11115.56
-0.34	-0.0003426576	11116.11
-0.34	-0.0003418718	11116.66
-0.34	-0.0003433415	11117.21
-0.34	-0.0003418107	11117.75
-0.32	-0.0003431514	11118.3
-0.32	-0.0003412749	11118.85
-0.32	-0.0003432028	11119.39
-0.32	-0.0003420949	11119.94
-0.32	-0.0003427865	11120.49
-0.32	-0.0003422625	11121.03
-0.32	-0.0003428298	11121.58
-0.32	-0.0003430246	11122.13
-0.32	-0.0003425652	11122.68
-0.32	-0.0003426696	11123.22
-0.3	-0.0003430438	11123.77
-0.3	-0.0003412807	11124.32
-0.3	-0.0003418683	11124.86
-0.3	-0.0003413231	11125.41
-0.3	-0.0003427361	11125.96
-0.3	-0.0003409339	11126.5
-0.3	-0.0003421479	11127.05
-0.3	-0.0003413799	11127.6
-0.3	-0.0003418638	11128.15
-0.3	-0.0003413938	11128.69
-0.28	-0.0003408109	11129.24
-0.28	-0.0003412963	11129.79
-0.28	-0.0003405561	11130.34
-0.28	-0.0003405716	11130.88
-0.28	-0.0003411469	11131.43
-0.28	-0.000341142	11131.98
-0.28	-0.0003409763	11132.52
-0.28	-0.000341861	11133.07
-0.28	-0.0003421366	11133.62
-0.28	-0.0003419165	11134.16
-0.26	-0.0003398981	11134.71
-0.26	-0.0003421413	11135.26
-0.26	-0.000341083	11135.8
-0.26	-0.0003421342	11136.35
-0.26	-0.0003398898	11136.9
-0.26	-0.0003421111	11137.45
-0.26	-0.0003413158	11137.99
-0.26	-0.0003408231	11138.54
-0.26	-0.0003400191	11139.09
-0.26	-0.0003400918	11139.63
-0.24	-0.0003390673	11140.18
-0.24	-0.0003389996	11140.73
-0.24	-0.0003389986	11141.28
-0.24	-0.0003389536	11141.82
-0.24	-0.0003373677	11142.37
-0.24	-0.0003362745	11142.92
-0.24	-0.0003383685	11143.46
-0.24	-0.0003362238	11144.01
-0.24	-0.0003368433	11144.56
-0.24	-0.0003359325	11145.1
-0.22	-0.000336418	11145.65
-0.22	-0.000335703	11146.2
-0.22	-0.0003341385	11146.75
-0.22	-0.0003357122	11147.29
-0.22	-0.000334589	11147.84
-0.22	-0.0003343517	11148.39
-0.22	-0.0003347671	11148.93
-0.22	-0.0003353437	11149.48
-0.22	-0.0003350212	11150.03
-0.22	-0.0003348851	11150.57
-0.2	-0.0003338736	11151.12
-0.2	-0.0003353417	11151.67
-0.2	-0.0003336916	11152.22
-0.2	-0.0003352752	11152.77
-0.2	-0.0003335187	11153.31
-0.2	-0.0003347226	11153.86
-0.2	-0.0003339389	11154.41
-0.2	-0.0003340274	11154.95
-0.2	-0.0003350722	11155.5
-0.2	-0.0003338318	11156.05
-0.18	-0.0003335625	11156.6
-0.18	-0.0003336959	11157.14
-0.18	-0.0003332875	11157.69
-0.18	-0.0003332729	11158.24
-0.18	-0.0003338624	11158.78
-0.18	-0.0003335653	11159.33
-0.18	-0.0003335867	11159.88
-0.18	-0.0003315531	11160.42
-0.18	-0.0003353854	11160.97
-0.18	-0.0003333516	11161.52
-0.16	-0.000334875	11162.07
-0.16	-0.0003324834	11162.61
-0.16	-0.0003337784	11163.16
-0.16	-0.000333823	11163.71
-0.16	-0.0003343285	11164.25
-0.16	-0.0003338777	11164.8
-0.16	-0.0003338989	11165.35
-0.16	-0.0003336587	11165.89
-0.16	-0.0003323588	11166.44
-0.16	-0.0003329341	11166.99
-0.14	-0.0003336972	11167.54
-0.14	-0.0003318685	11168.08
-0.14	-0.0003325736	11168.63
-0.14	-0.0003330063	11169.18
-0.14	-0.0003325564	11169.72
-0.14	-0.0003358732	11170.27
-0.14	-0.0003343656	11170.82
-0.14	-0.0003366236	11171.37
-0.14	-0.000335604	11171.91
-0.14	-0.0003364945	11172.46
-0.12	-0.0003351049	11173.01
-0.12	-0.0003356457	11173.55
-0.12	-0.0003355874	11174.1
-0.12	-0.0003358833	11174.65
-0.12	-0.0003368658	11175.19
-0.12	-0.0003366285	11175.74
-0.12	-0.0003352704	11176.29
-0.12	-0.0003368722	11176.83
-0.12	-0.0003354649	11177.38
-0.12	-0.0003365026	11177.93
-0.1	-0.0003351705	11178.48
-0.1	-0.0003357882	11179.02
-0.1	-0.0003351015	11179.57
-0.1	-0.0003354805	11180.12
-0.1	-0.0003351262	11180.67
-0.1	-0.0003356771	11181.21
-0.1	-0.0003362691	11181.76
-0.1	-0.000334198	11182.31
-0.1	-0.0003349564	11182.85
-0.1	-0.0003357625	11183.4
-0.08	-0.0003342586	11183.95
-0.08	-0.0003334413	11184.5
-0.08	-0.0003347799	11185.04
-0.08	-0.0003346192	11185.59
-0.08	-0.0003349062	11186.14
-0.08	-0.0003334487	11186.68
-0.08	-0.0003357134	11187.23
-0.08	-0.0003338781	11187.78
-0.08	-0.0003353868	11188.32
-0.08	-0.0003342576	11188.87
-0.06	-0.0003346252	11189.42
-0.06	-0.0003346428	11189.96
-0.06	-0.0003334576	11190.51
-0.06	-0.0003339972	11191.06
-0.06	-0.0003351154	11191.6
-0.06	-0.0003335639	11192.15
-0.06	-0.0003338808	11192.7
-0.06	-0.0003342665	11193.25
-0.06	-0.0003348078	11193.79
-0.06	-0.0003334151	11194.34
-0.04	-0.0003334033	11194.89
-0.04	-0.0003329708	11195.43
-0.04	-0.0003328389	11195.98
-0.04	-0.0003337197	11196.53
-0.04	-0.0003330457	11197.07
-0.04	-0.0003342953	11197.62
-0.04	-0.0003327319	11198.17
-0.04	-0.0003340273	11198.72
-0.04	-0.0003335842	11199.26
-0.04	-0.0003337307	11199.81
-0.02	-0.0003319514	11200.36
-0.02	-0.0003323632	11200.9
-0.02	-0.0003320462	11201.45
-0.02	-0.000332712	11202
-0.02	-0.0003318282	11202.54
-0.02	-0.0003325617	11203.09
-0.02	-0.0003318546	11203.64
-0.02	-0.0003332244	11204.19
-0.02	-0.0003318935	11204.73
-0.02	-0.0003331018	11205.28
0	-0.0003309332	11205.83
0	-0.0003307167	11206.37
0	-0.0003300671	11206.92
0	-0.0003306506	11207.47
0	-0.0003299221	11208.02
0	-0.0003281268	11208.57
0	-0.0003285015	11209.11
0	-0.0003274043	11209.66
0	-0.0003265455	11210.21
0	-0.0003266045	11210.76
0.02	-0.0003240045	11211.31
0.02	-0.0003253706	11211.85
0.02	-0.0003233117	11212.4
0.02	-0.0003243415	11212.95
0.02	-0.0003224636	11213.49
0.02	-0.0003231868	11214.04
0.02	-0.0003235261	11214.59
0.02	-0.0003236975	11215.13
0.02	-0.0003234008	11215.68
0.02	-0.0003236177	11216.23
0.04	-0.000322525	11216.77
0.04	-0.0003227937	11217.32
0.04	-0.0003231192	11217.87
0.04	-0.0003229177	11218.41
0.04	-0.000322644	11218.96
0.04	-0.0003237936	11219.51
0.04	-0.000322236	11220.06
0.04	-0.0003241757	11220.6
0.04	-0.0003222461	11221.15
0.04	-0.0003242774	11221.7
0.06	-0.0003209956	11222.24
0.06	-0.0003218645	11222.79
0.06	-0.0003217645	11223.34
0.06	-0.0003224816	11223.88
0.06	-0.0003208931	11224.43
0.06	-0.0003217761	11224.98
0.06	-0.0003212532	11225.52
0.06	-0.0003216982	11226.07
0.06	-0.000321785	11226.62
0.06	-0.000322009	11227.17
0.08	-0.0003217433	11227.71
0.08	-0.0003214874	11228.26
0.08	-0.0003195716	11228.81
0.08	-0.0003227945	11229.35
0.08	-0.0003210774	11229.9
0.08	-0.0003224198	11230.45
0.08	-0.0003217208	11230.99
0.08	-0.0003228007	11231.54
0.08	-0.0003212108	11232.09
0.08	-0.0003227941	11232.63
0.1	-0.0003214282	11233.18
0.1	-0.0003218064	11233.73
0.1	-0.0003217003	11234.28
0.1	-0.0003218297	11234.82
0.1	-0.0003223339	11235.37
0.1	-0.0003232613	11235.92
0.1	-0.0003216352	11236.46
0.1	-0.0003228038	11237.01
0.1	-0.0003214771	11237.56
0.1	-0.0003228773	11238.11
0.12	-0.0003208861	11238.65
0.12	-0.0003231979	11239.2
0.12	-0.0003226156	11239.75
0.12	-0.0003226029	11240.29
0.12	-0.0003229575	11240.84
0.12	-0.0003222291	11241.39
0.12	-0.0003240648	11241.94
0.12	-0.0003225512	11242.48
0.12	-0.000324284	11243.03
0.12	-0.0003241037	11243.58
0.14	-0.0003220492	11244.12
0.14	-0.0003232775	11244.67
0.14	-0.0003236962	11245.22
0.14	-0.0003243929	11245.76
0.14	-0.0003246588	11246.31
0.14	-0.0003238871	11246.86
0.14	-0.0003249161	11247.41
0.14	-0.0003220955	11247.95
0.14	-0.0003227033	11248.5
0.14	-0.0003208316	11249.05
0.16	-0.0003213127	11249.59
0.16	-0.0003201943	11250.14
0.16	-0.0003201085	11250.69
0.16	-0.0003211163	11251.23
0.16	-0.0003210175	11251.78
0.16	-0.0003199869	11252.33
0.16	-0.0003213458	11252.88
0.16	-0.0003202678	11253.42
0.16	-0.0003205425	11253.97
0.16	-0.0003192094	11254.52
0.18	-0.0003196211	11255.06
0.18	-0.0003178544	11255.61
0.18	-0.0003174664	11256.16
0.18	-0.0003184173	11256.7
0.18	-0.0003190791	11257.25
0.18	-0.0003134418	11257.8
0.18	-0.0003191703	11258.35
0.18	-0.0003215668	11258.89
0.18	-0.0003193375	11259.44
0.18	-0.000319255	11259.99
0.2	-0.0003183903	11260.53
0.2	-0.0003179219	11261.08
0.2	-0.000317894	11261.63
0.2	-0.00031723	11262.17
0.2	-0.0003159093	11262.72
0.2	-0.0003179112	11263.27
0.2	-0.0003193488	11263.82
0.2	-0.0003205689	11264.37
0.2	-0.0003191714	11264.91
0.2	-0.0003196403	11265.46
0.22	-0.0003157794	11266.01
0.22	-0.0003186599	11266.55
0.22	-0.0003177873	11267.1
0.22	-0.0003185763	11267.65
0.22	-0.0003181709	11268.19
0.22	-0.0003182212	11268.74
0.22	-0.0003186141	11269.29
0.22	-0.0003188955	11269.84
0.22	-0.0003183697	11270.38
0.22	-0.0003200802	11270.93
0.24	-0.000317635	11271.48
0.24	-0.0003178713	11272.02
0.24	-0.0003170959	11272.57
0.24	-0.0003192647	11273.12
0.24	-0.0003173756	11273.66
0.24	-0.0003181731	11274.21
0.24	-0.0003176406	11274.76
0.24	-0.0003193528	11275.3
0.24	-0.0003190182	11275.85
0.24	-0.0003183005	11276.4
0.26	-0.0003171166	11276.95
0.26	-0.00031667	11277.49
0.26	-0.0003159929	11278.04
0.26	-0.0003161993	11278.59
0.26	-0.0003139617	11279.13
0.26	-0.0003143091	11279.68
0.26	-0.000311873	11280.23
0.26	-0.0003133854	11280.78
0.26	-0.0003137261	11281.32
0.26	-0.000313649	11281.87
0.28	-0.0003128999	11282.42
0.28	-0.0003123703	11282.96
0.28	-0.0003137639	11283.51
0.28	-0.0003122852	11284.06
0.28	-0.0003139505	11284.6
0.28	-0.0003115862	11285.15
0.28	-0.0003087039	11285.7
0.28	-0.0003077087	11286.25
0.28	-0.0003080852	11286.79
0.28	-0.0003090264	11287.34
0.3	-0.0003076172	11287.89
0.3	-0.0003067778	11288.43
0.3	-0.000307994	11288.98
0.3	-0.0003071261	11289.53
0.3	-0.0003082522	11290.07
0.3	-0.0003077017	11290.62
0.3	-0.0003101388	11291.17
0.3	-0.0003090427	11291.72
0.3	-0.0003092706	11292.26
0.3	-0.0003099588	11292.81
0.32	-0.0003083829	11293.36
0.32	-0.0003112484	11293.91
0.32	-0.0003103706	11294.45
0.32	-0.0003107495	11295
0.32	-0.0003111777	11295.55
0.32	-0.0003107429	11296.09
0.32	-0.0003108709	11296.64
0.32	-0.0003106957	11297.19
0.32	-0.0003113055	11297.74
0.32	-0.0003119942	11298.28
0.34	-0.0003113582	11298.83
0.34	-0.0003127897	11299.38
0.34	-0.0003117436	11299.92
0.34	-0.0003135979	11300.47
0.34	-0.0003119858	11301.02
0.34	-0.0003127916	11301.57
0.34	-0.0003125715	11302.11
0.34	-0.0003147832	11302.66
0.34	-0.0003167536	11303.21
0.34	-0.0003172478	11303.75
0.36	-0.0003150782	11304.3
0.36	-0.0003154973	11304.85
0.36	-0.000315745	11305.39
0.36	-0.0003147354	11305.94
0.36	-0.0003148095	11306.49
0.36	-0.000315521	11307.04
0.36	-0.0003153001	11307.58
0.36	-0.0003143671	11308.13
0.36	-0.0003151473	11308.68
0.36	-0.0003146999	11309.22
0.38	-0.0003145615	11309.77
0.38	-0.0003140173	11310.32
0.38	-0.0003157512	11310.86
0.38	-0.0003146193	11311.41
0.38	-0.000314549	11311.96
0.38	-0.0003141962	11312.5
0.38	-0.0003147891	11313.05
0.38	-0.0003142191	11313.6
0.38	-0.0003140962	11314.15
0.38	-0.0003135263	11314.69
0.4	-0.000314244	11315.24
0.4	-0.0003124479	11315.79
0.4	-0.0003130114	11316.33
0.4	-0.0003123455	11316.88
0.4	-0.0003128161	11317.43
0.4	-0.0003139239	11317.98
0.4	-0.0003125045	11318.52
0.4	-0.0003134249	11319.07
0.4	-0.0003133382	11319.62
0.4	-0.0003135008	11320.17
0.42	-0.000311416	11320.71
0.42	-0.0003118309	11321.26
0.42	-0.0003116143	11321.81
0.42	-0.0003104092	11322.35
0.42	-0.0003095665	11322.9
0.42	-0.0003106593	11323.45
0.42	-0.0003088931	11324
0.42	-0.0003095755	11324.54
0.42	-0.0003067125	11325.09
0.42	-0.0003076058	11325.64
0.44	-0.0003053062	11326.18
0.44	-0.0003065088	11326.73
0.44	-0.0003060921	11327.28
0.44	-0.0003052999	11327.83
0.44	-0.000307038	11328.37
0.44	-0.0003065192	11328.92
0.44	-0.0003071687	11329.47
0.44	-0.0003059647	11330.01
0.44	-0.0003073246	11330.56
0.44	-0.0003066829	11331.11
0.46	-0.0003047389	11331.65
0.46	-0.0003040963	11332.2
0.46	-0.0003040446	11332.75
0.46	-0.0003032117	11333.3
0.46	-0.0003024965	11333.84
0.46	-0.0003017949	11334.39
0.46	-0.0003026676	11334.94
0.46	-0.0003002926	11335.48
0.46	-0.0003013359	11336.03
0.46	-0.0002990401	11336.58
0.48	-0.0003002092	11337.13
0.48	-0.0002991994	11337.67
0.48	-0.0003008328	11338.22
0.48	-0.0003013018	11338.77
0.48	-0.0003008293	11339.31
0.48	-0.0002998292	11339.86
0.48	-0.0003006174	11340.41
0.48	-0.000301427	11340.95
0.48	-0.0003032595	11341.5
0.48	-0.0003015261	11342.05
0.5	-0.0003036805	11342.59
0.5	-0.000302858	11343.14
0.5	-0.000303347	11343.69
0.5	-0.0003023033	11344.24
0.5	-0.0003023413	11344.78
0.5	-0.0003032845	11345.33
0.5	-0.0003016765	11345.88
0.5	-0.0003026558	11346.43
0.5	-0.0003028308	11346.97
0.5	-0.0003034234	11347.52
0.52	-0.0003020251	11348.07
0.52	-0.0003018906	11348.62
0.52	-0.0003029787	11349.16
0.52	-0.0003033866	11349.71
0.52	-0.0003024043	11350.26
0.52	-0.0003029529	11350.8
0.52	-0.0003023301	11351.35
0.52	-0.0003041706	11351.9
0.52	-0.0003022008	11352.45
0.52	-0.0003038053	11352.99
0.54	-0.0003014081	11353.54
0.54	-0.0003009704	11354.09
0.54	-0.0003005648	11354.63
0.54	-0.0003012813	11355.18
0.54	-0.0003004022	11355.73
0.54	-0.0002998972	11356.28
0.54	-0.0002998298	11356.82
0.54	-0.000299708	11357.37
0.54	-0.0002975753	11357.92
0.54	-0.0002989031	11358.46
0.56	-0.0002971644	11359.01
0.56	-0.0002971824	11359.56
0.56	-0.0002979047	11360.11
0.56	-0.0002958575	11360.65
0.56	-0.0002994201	11361.2
0.56	-0.0002978157	11361.75
0.56	-0.0002986929	11362.29
0.56	-0.0002980531	11362.84
0.56	-0.0002971258	11363.39
0.56	-0.0002972138	11363.93
0.58	-0.0002973896	11364.48
0.58	-0.000298182	11365.03
0.58	-0.0002990459	11365.57
0.58	-0.0002980715	11366.12
0.58	-0.0002989959	11366.67
0.58	-0.0002990206	11367.21
0.58	-0.0003001032	11367.76
0.58	-0.0003008838	11368.31
0.58	-0.0002998132	11368.86
0.58	-0.0003000274	11369.4
0.6	-0.0002985584	11369.95
0.6	-0.0002997017	11370.5
0.6	-0.0002992119	11371.04
0.6	-0.0003001939	11371.59
0.6	-0.0002998346	11372.14
0.6	-0.0002993828	11372.69
0.6	-0.0003001418	11373.23
0.6	-0.0002997177	11373.78
0.6	-0.0002998743	11374.33
0.6	-0.0002999433	11374.88
0.62	-0.0002987012	11375.42
0.62	-0.0002973813	11375.97
0.62	-0.0002989573	11376.52
0.62	-0.0002983612	11377.06
0.62	-0.0003007333	11377.61
0.62	-0.0003000047	11378.16
0.62	-0.0003000127	11378.71
0.62	-0.0003003151	11379.25
0.62	-0.0002996461	11379.8
0.62	-0.0003003317	11380.35
0.64	-0.0002990511	11380.89
0.64	-0.0003008041	11381.44
0.64	-0.000301943	11381.99
0.64	-0.0003020219	11382.54
0.64	-0.0003031619	11383.08
0.64	-0.0003021593	11383.63
0.64	-0.000301845	11384.18
0.64	-0.0003029972	11384.72
0.64	-0.0003014791	11385.27
0.64	-0.0003019641	11385.82
0.66	-0.0003016147	11386.37
0.66	-0.0003017501	11386.91
0.66	-0.0003044822	11387.46
0.66	-0.0003017974	11388.01
0.66	-0.000303087	11388.56
0.66	-0.0003020783	11389.1
0.66	-0.0003030144	11389.65
0.66	-0.0003025375	11390.2
0.66	-0.0003013346	11390.74
0.66	-0.000302424	11391.29
0.68	-0.0003013648	11391.84
0.68	-0.0003011202	11392.39
0.68	-0.0003029084	11392.93
0.68	-0.0003012436	11393.48
0.68	-0.0003019681	11394.03
0.68	-0.000301477	11394.57
0.68	-0.0003022903	11395.12
0.68	-0.0003024804	11395.67
0.68	-0.000301499	11396.21
0.68	-0.0003024844	11396.76
0.7	-0.0003006411	11397.31
0.7	-0.000300845	11397.86
0.7	-0.0003003661	11398.4
0.7	-0.0002999305	11398.95
0.7	-0.0003002755	11399.5
0.7	-0.000299413	11400.04
0.7	-0.0002982959	11400.59
0.7	-0.0002996209	11401.14
0.7	-0.0002977996	11401.68
0.7	-0.0002985561	11402.23
0.72	-0.0002968579	11402.78
0.72	-0.0002980308	11403.32
0.72	-0.0002966448	11403.87
0.72	-0.0002962269	11404.42
0.72	-0.0002970794	11404.96
0.72	-0.0002946948	11405.51
0.72	-0.0002959868	11406.06
0.72	-0.00029678	11406.6
0.72	-0.0002990181	11407.15
0.72	-0.0003001998	11407.7
0.74	-0.0002988095	11408.25
0.74	-0.0002982124	11408.79
0.74	-0.0002992213	11409.34
0.74	-0.0002977404	11409.89
0.74	-0.0002976384	11410.43
0.74	-0.0002974133	11410.98
0.74	-0.0002965744	11411.53
0.74	-0.0002978105	11412.07
0.74	-0.0002959156	11412.62
0.74	-0.0002905706	11413.17
0.76	-0.0002894387	11413.71
0.76	-0.0002944577	11414.26
0.76	-0.0002936023	11414.81
0.76	-0.0002934812	11415.36
0.76	-0.0002940941	11415.9
0.76	-0.0002940613	11416.45
0.76	-0.0002941224	11417
0.76	-0.0002949805	11417.54
0.76	-0.0002937718	11418.09
0.76	-0.0002948888	11418.64
0.78	-0.0002936146	11419.19
0.78	-0.0002930341	11419.73
0.78	-0.0002939147	11420.28
0.78	-0.0002931352	11420.83
0.78	-0.0002932139	11421.37
0.78	-0.0002908634	11421.92
0.78	-0.0002930524	11422.47
0.78	-0.0002917844	11423.01
0.78	-0.000291226	11423.56
0.78	-0.0002917214	11424.11
0.8	-0.0002899501	11424.66
0.8	-0.0002902901	11425.2
0.8	-0.0002900262	11425.75
0.8	-0.0002900469	11426.3
0.8	-0.0002907332	11426.84
0.8	-0.0002894361	11427.39
0.8	-0.0002897707	11427.94
0.8	-0.0002905976	11428.49
0.8	-0.000289667	11429.03
0.8	-0.0002911112	11429.58
0.82	-0.0002886442	11430.13
0.82	-0.0002907964	11430.67
0.82	-0.0002894683	11431.22
0.82	-0.0002897161	11431.77
0.82	-0.0002895149	11432.32
0.82	-0.0002896001	11432.86
0.82	-0.0002894731	11433.41
0.82	-0.0002895963	11433.96
0.82	-0.0002892206	11434.5
0.82	-0.0002898308	11435.05
0.84	-0.0002876956	11435.6
0.84	-0.000289296	11436.14
0.84	-0.0002889814	11436.69
0.84	-0.0002876372	11437.24
0.84	-0.0002881323	11437.79
0.84	-0.0002875581	11438.33
0.84	-0.0002898781	11438.88
0.84	-0.0002869466	11439.42
0.84	-0.0002880785	11439.97
0.84	-0.0002875638	11440.52
0.86	-0.0002870172	11441.07
0.86	-0.0002861216	11441.61
0.86	-0.0002863019	11442.16
0.86	-0.0002869043	11442.71
0.86	-0.0002872669	11443.25
0.86	-0.0002858909	11443.8
0.86	-0.0002873069	11444.35
0.86	-0.000286149	11444.89
0.86	-0.0002866497	11445.44
0.86	-0.0002859381	11445.99
0.88	-0.0002843731	11446.54
0.88	-0.0002856368	11447.08
0.88	-0.0002839302	11447.63
0.88	-0.0002850436	11448.18
0.88	-0.0002839584	11448.72
0.88	-0.0002852936	11449.27
0.88	-0.0002839091	11449.82
0.88	-0.0002843404	11450.36
0.88	-0.000284671	11450.91
0.88	-0.0002838789	11451.46
0.9	-0.0002831067	11452
0.9	-0.0002837823	11452.55
0.9	-0.0002834383	11453.1
0.9	-0.0002843446	11453.64
0.9	-0.0002831212	11454.19
0.9	-0.0002845455	11454.74
0.9	-0.0002833034	11455.29
0.9	-0.000283543	11455.83
0.9	-0.0002831255	11456.38
0.9	-0.0002828693	11456.93
0.92	-0.0002829902	11457.47
0.92	-0.0002820232	11458.02
0.92	-0.0002832451	11458.57
0.92	-0.0002817302	11459.11
0.92	-0.0002816031	11459.66
0.92	-0.0002821856	11460.21
0.92	-0.0002819979	11460.75
0.92	-0.0002828377	11461.3
0.92	-0.0002822152	11461.85
0.92	-0.0002819831	11462.4
0.94	-0.0002813668	11462.94
0.94	-0.0002795609	11463.49
0.94	-0.0002813018	11464.04
0.94	-0.0002796199	11464.58
0.94	-0.0002813471	11465.13
0.94	-0.0002796626	11465.68
0.94	-0.0002802563	11466.22
0.94	-0.000280041	11466.77
0.94	-0.0002805021	11467.32
0.94	-0.0002804865	11467.87
0.96	-0.0002804353	11468.41
0.96	-0.0002806176	11468.96
0.96	-0.0002816106	11469.51
0.96	-0.0002812609	11470.05
0.96	-0.0002811862	11470.6
0.96	-0.0002819253	11471.15
0.96	-0.0002803114	11471.69
0.96	-0.0002816629	11472.24
0.96	-0.0002804014	11472.79
0.96	-0.0002817223	11473.33
0.98	-0.0002789283	11473.88
0.98	-0.0002792438	11474.43
0.98	-0.0002793376	11474.98
0.98	-0.0002796901	11475.52
0.98	-0.0002808064	11476.07
0.98	-0.0002796281	11476.62
0.98	-0.000279855	11477.16
0.98	-0.0002800605	11477.71
0.98	-0.0002802939	11478.26
0.98	-0.0002804107	11478.8
1	-0.0002802765	11479.35
1	-0.000279268	11479.9
1	-0.0002803204	11480.45
1	-0.000279378	11480.99
1	-0.0002796662	11481.54
1	-0.0002802457	11482.09
1	-0.0002800377	11482.63
1	-0.0002802897	11483.18
1	-0.0002787988	11483.73
1	-0.0002801328	11484.28
