Messtemperatur      21∞C
U-Bereich           -1V   bis 1V
Anzahl der Meﬂpunkte     100
delay nach Einstellen der Spannung  s
Strombegrenzung     0.01 A
Kontakt             x
Beleuchtung         d
Kommentar eingeben

voltage / V   current / A   time

-1	-1.915506E-05	10287.15
-1	-1.920561E-05	10287.72
-1	-1.993822E-05	10288.27
-1	-2.348275E-05	10288.82
-1	-2.406159E-05	10289.37
-1	-2.41223E-05	10289.92
-1	-2.42069E-05	10290.46
-1	-2.42234E-05	10291.01
-1	-2.427564E-05	10291.56
-1	-2.423697E-05	10292.11
-0.98	-2.393007E-05	10292.66
-0.98	-2.38961E-05	10293.2
-0.98	-2.397175E-05	10293.75
-0.98	-2.397787E-05	10294.3
-0.98	-2.400914E-05	10294.84
-0.98	-2.399439E-05	10295.39
-0.98	-2.3988E-05	10295.94
-0.98	-2.402108E-05	10296.5
-0.98	-2.402995E-05	10297.08
-0.98	-2.403587E-05	10297.93
-0.96	-2.378559E-05	10298.47
-0.96	-2.377892E-05	10299.07
-0.96	-2.375132E-05	10299.62
-0.96	-2.373333E-05	10300.26
-0.96	-2.38631E-05	10300.81
-0.96	-2.404462E-05	10301.36
-0.96	-2.41481E-05	10301.91
-0.96	-2.413198E-05	10302.45
-0.96	-2.413991E-05	10303
-0.96	-2.41479E-05	10303.55
-0.94	-2.389976E-05	10304.09
-0.94	-2.391458E-05	10304.64
-0.94	-2.389659E-05	10305.19
-0.94	-2.394382E-05	10305.74
-0.94	-2.392433E-05	10306.28
-0.94	-2.39397E-05	10306.83
-0.94	-2.39432E-05	10307.38
-0.94	-2.394799E-05	10307.92
-0.94	-2.39515E-05	10308.47
-0.94	-2.394598E-05	10309.02
-0.92	-2.365571E-05	10309.56
-0.92	-2.368552E-05	10310.11
-0.92	-2.367626E-05	10310.66
-0.92	-2.366484E-05	10311.21
-0.92	-2.36837E-05	10311.75
-0.92	-2.368138E-05	10312.3
-0.92	-2.368975E-05	10312.85
-0.92	-2.368072E-05	10313.39
-0.92	-2.368437E-05	10313.94
-0.92	-2.37069E-05	10314.49
-0.9	-2.34404E-05	10315.03
-0.9	-2.346842E-05	10315.58
-0.9	-2.344416E-05	10316.13
-0.9	-2.346695E-05	10316.68
-0.9	-2.346082E-05	10317.22
-0.9	-2.346737E-05	10317.77
-0.9	-2.346873E-05	10318.32
-0.9	-2.345507E-05	10318.86
-0.9	-2.345034E-05	10319.41
-0.9	-2.34647E-05	10319.96
-0.88	-2.32149E-05	10320.5
-0.88	-2.319264E-05	10321.05
-0.88	-2.321475E-05	10321.6
-0.88	-2.320532E-05	10322.14
-0.88	-2.32046E-05	10322.69
-0.88	-2.32008E-05	10323.24
-0.88	-2.319857E-05	10323.79
-0.88	-2.323556E-05	10324.33
-0.88	-2.32127E-05	10324.88
-0.88	-2.323447E-05	10325.43
-0.86	-2.293338E-05	10325.97
-0.86	-2.293608E-05	10326.52
-0.86	-2.290742E-05	10327.07
-0.86	-2.292308E-05	10327.61
-0.86	-2.293514E-05	10328.16
-0.86	-2.294093E-05	10328.71
-0.86	-2.291444E-05	10329.25
-0.86	-2.291634E-05	10329.8
-0.86	-2.292215E-05	10330.35
-0.86	-2.291484E-05	10330.9
-0.84	-2.263742E-05	10331.44
-0.84	-2.26672E-05	10331.99
-0.84	-2.2642E-05	10332.54
-0.84	-2.267098E-05	10333.08
-0.84	-2.267856E-05	10333.63
-0.84	-2.263515E-05	10334.18
-0.84	-2.263696E-05	10334.73
-0.84	-2.263806E-05	10335.27
-0.84	-2.258862E-05	10335.82
-0.84	-2.248437E-05	10336.37
-0.82	-2.23796E-05	10336.91
-0.82	-2.241711E-05	10337.46
-0.82	-2.244138E-05	10338.01
-0.82	-2.244105E-05	10338.55
-0.82	-2.244475E-05	10339.1
-0.82	-2.244349E-05	10339.65
-0.82	-2.242856E-05	10340.2
-0.82	-2.244075E-05	10340.74
-0.82	-2.242964E-05	10341.29
-0.82	-2.243688E-05	10341.84
-0.8	-2.215766E-05	10342.38
-0.8	-2.216201E-05	10342.93
-0.8	-2.216289E-05	10343.48
-0.8	-2.215895E-05	10344.03
-0.8	-2.216286E-05	10344.57
-0.8	-2.216241E-05	10345.12
-0.8	-2.214776E-05	10345.67
-0.8	-2.213171E-05	10346.21
-0.8	-2.212452E-05	10346.76
-0.8	-2.209442E-05	10347.31
-0.78	-2.170157E-05	10347.86
-0.78	-2.162047E-05	10348.4
-0.78	-2.1683E-05	10348.95
-0.78	-2.17872E-05	10349.5
-0.78	-2.183623E-05	10350.04
-0.78	-2.182659E-05	10350.59
-0.78	-2.184171E-05	10351.14
-0.78	-2.186794E-05	10351.69
-0.78	-2.186696E-05	10352.23
-0.78	-2.187458E-05	10352.78
-0.76	-2.158241E-05	10353.33
-0.76	-2.158264E-05	10353.87
-0.76	-2.158317E-05	10354.42
-0.76	-2.155411E-05	10354.97
-0.76	-2.146343E-05	10355.51
-0.76	-2.120158E-05	10356.06
-0.76	-2.098246E-05	10356.61
-0.76	-1.983915E-05	10357.16
-0.76	-1.954437E-05	10357.7
-0.76	-1.927661E-05	10358.25
-0.74	-1.897114E-05	10358.8
-0.74	-1.887382E-05	10359.34
-0.74	-1.886849E-05	10359.89
-0.74	-1.867181E-05	10360.44
-0.74	-1.904732E-05	10360.98
-0.74	-1.953349E-05	10361.53
-0.74	-2.060107E-05	10362.08
-0.74	-2.032176E-05	10362.62
-0.74	-1.961027E-05	10363.17
-0.74	-2.096151E-05	10363.72
-0.72	-2.098769E-05	10364.26
-0.72	-2.106577E-05	10364.81
-0.72	-2.103273E-05	10365.36
-0.72	-2.109103E-05	10365.91
-0.72	-2.108569E-05	10366.45
-0.72	-2.105369E-05	10367
-0.72	-2.107102E-05	10367.55
-0.72	-2.107698E-05	10368.09
-0.72	-2.102561E-05	10368.64
-0.72	-2.101098E-05	10369.19
-0.7	-2.072216E-05	10369.74
-0.7	-2.071857E-05	10370.28
-0.7	-2.075668E-05	10370.83
-0.7	-2.075357E-05	10371.38
-0.7	-2.075317E-05	10371.92
-0.7	-2.075146E-05	10372.47
-0.7	-2.076469E-05	10373.02
-0.7	-2.075079E-05	10373.56
-0.7	-2.076536E-05	10374.11
-0.7	-2.080013E-05	10374.66
-0.68	-2.05392E-05	10375.21
-0.68	-2.053113E-05	10375.75
-0.68	-2.054197E-05	10376.3
-0.68	-2.055652E-05	10376.85
-0.68	-2.053176E-05	10377.39
-0.68	-2.052909E-05	10377.94
-0.68	-2.052887E-05	10378.49
-0.68	-2.054262E-05	10379.03
-0.68	-2.054595E-05	10379.58
-0.68	-2.052949E-05	10380.13
-0.66	-2.026898E-05	10380.67
-0.66	-2.026717E-05	10381.22
-0.66	-2.026481E-05	10381.77
-0.66	-2.024073E-05	10382.32
-0.66	-2.024249E-05	10382.86
-0.66	-2.02276E-05	10383.41
-0.66	-2.019928E-05	10383.96
-0.66	-2.01885E-05	10384.5
-0.66	-2.015696E-05	10385.05
-0.66	-2.012724E-05	10385.6
-0.64	-1.978797E-05	10386.15
-0.64	-1.976737E-05	10386.69
-0.64	-1.976552E-05	10387.24
-0.64	-1.973466E-05	10387.79
-0.64	-1.964116E-05	10388.33
-0.64	-1.96212E-05	10388.88
-0.64	-1.953542E-05	10389.43
-0.64	-1.93222E-05	10389.97
-0.64	-1.891375E-05	10390.52
-0.64	-1.846133E-05	10391.07
-0.62	-1.778348E-05	10391.62
-0.62	-1.754648E-05	10392.16
-0.62	-1.745808E-05	10392.71
-0.62	-1.740846E-05	10393.26
-0.62	-1.739277E-05	10393.8
-0.62	-1.740148E-05	10394.35
-0.62	-1.742507E-05	10394.9
-0.62	-1.740556E-05	10395.44
-0.62	-1.733897E-05	10395.99
-0.62	-1.732691E-05	10396.54
-0.6	-1.705544E-05	10397.08
-0.6	-1.705461E-05	10397.63
-0.6	-1.705759E-05	10398.18
-0.6	-1.70626E-05	10398.73
-0.6	-1.705683E-05	10399.27
-0.6	-1.702657E-05	10399.82
-0.6	-1.69867E-05	10400.37
-0.6	-1.696242E-05	10400.91
-0.6	-1.69481E-05	10401.46
-0.6	-1.692339E-05	10402.01
-0.58	-1.667336E-05	10402.56
-0.58	-1.66644E-05	10403.1
-0.58	-1.665497E-05	10403.65
-0.58	-1.664885E-05	10404.2
-0.58	-1.665116E-05	10404.74
-0.58	-1.664646E-05	10405.29
-0.58	-1.662967E-05	10405.84
-0.58	-1.662891E-05	10406.38
-0.58	-1.661555E-05	10406.93
-0.58	-1.660549E-05	10407.48
-0.56	-1.635006E-05	10408.02
-0.56	-1.633137E-05	10408.57
-0.56	-1.632582E-05	10409.12
-0.56	-1.629871E-05	10409.67
-0.56	-1.629202E-05	10410.21
-0.56	-1.63013E-05	10410.76
-0.56	-1.62828E-05	10411.31
-0.56	-1.628905E-05	10411.85
-0.56	-1.629074E-05	10412.4
-0.56	-1.628411E-05	10412.95
-0.54	-1.600602E-05	10413.49
-0.54	-1.597414E-05	10414.04
-0.54	-1.596646E-05	10414.59
-0.54	-1.595915E-05	10415.13
-0.54	-1.596204E-05	10415.68
-0.54	-1.594496E-05	10416.23
-0.54	-1.595122E-05	10416.78
-0.54	-1.595159E-05	10417.32
-0.54	-1.594641E-05	10417.87
-0.54	-1.594667E-05	10418.42
-0.52	-1.563327E-05	10418.96
-0.52	-1.56292E-05	10419.51
-0.52	-1.562329E-05	10420.06
-0.52	-1.562448E-05	10420.61
-0.52	-1.561861E-05	10421.15
-0.52	-1.560682E-05	10421.7
-0.52	-1.562037E-05	10422.25
-0.52	-1.561798E-05	10422.79
-0.52	-1.561674E-05	10423.34
-0.52	-1.560977E-05	10423.89
-0.5	-1.535342E-05	10424.43
-0.5	-1.533755E-05	10424.98
-0.5	-1.534663E-05	10425.53
-0.5	-1.534797E-05	10426.07
-0.5	-1.537486E-05	10426.62
-0.5	-1.53757E-05	10427.17
-0.5	-1.536712E-05	10427.72
-0.5	-1.537744E-05	10428.26
-0.5	-1.539001E-05	10428.81
-0.5	-1.539638E-05	10429.36
-0.48	-1.512953E-05	10429.91
-0.48	-1.51258E-05	10430.45
-0.48	-1.514298E-05	10431
-0.48	-1.516058E-05	10431.55
-0.48	-1.514349E-05	10432.09
-0.48	-1.514988E-05	10432.64
-0.48	-1.514875E-05	10433.19
-0.48	-1.515129E-05	10433.73
-0.48	-1.51722E-05	10434.28
-0.48	-1.51659E-05	10434.83
-0.46	-1.490419E-05	10435.38
-0.46	-1.489146E-05	10435.92
-0.46	-1.489582E-05	10436.47
-0.46	-1.489243E-05	10437.02
-0.46	-1.488414E-05	10437.56
-0.46	-1.488035E-05	10438.11
-0.46	-1.486613E-05	10438.66
-0.46	-1.486861E-05	10439.21
-0.46	-1.48687E-05	10439.75
-0.46	-1.487339E-05	10440.3
-0.44	-1.460957E-05	10440.85
-0.44	-1.459537E-05	10441.39
-0.44	-1.461271E-05	10441.94
-0.44	-1.460147E-05	10442.49
-0.44	-1.461611E-05	10443.03
-0.44	-1.461988E-05	10443.58
-0.44	-1.460477E-05	10444.13
-0.44	-1.46033E-05	10444.67
-0.44	-1.460602E-05	10445.22
-0.44	-1.460485E-05	10445.77
-0.42	-1.433753E-05	10446.32
-0.42	-1.432319E-05	10446.86
-0.42	-1.433264E-05	10447.41
-0.42	-1.433078E-05	10447.96
-0.42	-1.432461E-05	10448.5
-0.42	-1.431372E-05	10449.05
-0.42	-1.431745E-05	10449.6
-0.42	-1.43179E-05	10450.15
-0.42	-1.432107E-05	10450.69
-0.42	-1.431504E-05	10451.24
-0.4	-1.404196E-05	10451.79
-0.4	-1.404101E-05	10452.33
-0.4	-1.40346E-05	10452.88
-0.4	-1.404071E-05	10453.43
-0.4	-1.402789E-05	10453.98
-0.4	-1.402552E-05	10454.53
-0.4	-1.402822E-05	10455.07
-0.4	-1.402473E-05	10455.62
-0.4	-1.402096E-05	10456.17
-0.4	-1.402492E-05	10456.71
-0.38	-1.375911E-05	10457.26
-0.38	-1.376279E-05	10457.81
-0.38	-1.376503E-05	10458.36
-0.38	-1.375905E-05	10458.9
-0.38	-1.375125E-05	10459.45
-0.38	-1.375258E-05	10460
-0.38	-1.376693E-05	10460.54
-0.38	-1.376595E-05	10461.09
-0.38	-1.376939E-05	10461.64
-0.38	-1.37754E-05	10462.18
-0.36	-1.350125E-05	10462.73
-0.36	-1.348776E-05	10463.28
-0.36	-1.347878E-05	10463.82
-0.36	-1.347483E-05	10464.37
-0.36	-1.348493E-05	10464.92
-0.36	-1.347389E-05	10465.46
-0.36	-1.347597E-05	10466.01
-0.36	-1.346672E-05	10466.56
-0.36	-1.347375E-05	10467.11
-0.36	-1.34795E-05	10467.65
-0.34	-1.32104E-05	10468.2
-0.34	-1.320069E-05	10468.75
-0.34	-1.319878E-05	10469.29
-0.34	-1.319754E-05	10469.84
-0.34	-1.320015E-05	10470.39
-0.34	-1.320162E-05	10470.93
-0.34	-1.318606E-05	10471.48
-0.34	-1.29743E-05	10472.03
-0.34	-1.293589E-05	10472.58
-0.34	-1.315669E-05	10473.12
-0.32	-1.29419E-05	10473.67
-0.32	-1.29533E-05	10474.22
-0.32	-1.293074E-05	10474.76
-0.32	-1.293399E-05	10475.31
-0.32	-1.293948E-05	10475.86
-0.32	-1.293592E-05	10476.4
-0.32	-1.29464E-05	10476.95
-0.32	-1.294295E-05	10477.5
-0.32	-1.293126E-05	10478.05
-0.32	-1.29398E-05	10478.59
-0.3	-1.26622E-05	10479.14
-0.3	-1.265389E-05	10479.69
-0.3	-1.265636E-05	10480.23
-0.3	-1.265523E-05	10480.78
-0.3	-1.266179E-05	10481.33
-0.3	-1.265571E-05	10481.88
-0.3	-1.266471E-05	10482.42
-0.3	-1.266074E-05	10482.97
-0.3	-1.266968E-05	10483.52
-0.3	-1.267168E-05	10484.07
-0.28	-1.239542E-05	10484.61
-0.28	-1.240645E-05	10485.16
-0.28	-1.241128E-05	10485.71
-0.28	-1.241303E-05	10486.25
-0.28	-1.241375E-05	10486.8
-0.28	-1.241437E-05	10487.35
-0.28	-1.242079E-05	10487.89
-0.28	-1.241937E-05	10488.44
-0.28	-1.242614E-05	10488.99
-0.28	-1.242445E-05	10489.54
-0.26	-1.215736E-05	10490.08
-0.26	-1.216376E-05	10490.63
-0.26	-1.217755E-05	10491.18
-0.26	-1.220294E-05	10491.72
-0.26	-1.222934E-05	10492.27
-0.26	-1.225331E-05	10492.82
-0.26	-1.228849E-05	10493.36
-0.26	-1.233649E-05	10493.91
-0.26	-1.238996E-05	10494.46
-0.26	-1.248448E-05	10495
-0.24	-1.235959E-05	10495.55
-0.24	-1.24802E-05	10496.1
-0.24	-1.247362E-05	10496.65
-0.24	-1.241719E-05	10497.19
-0.24	-1.237037E-05	10497.74
-0.24	-1.232558E-05	10498.29
-0.24	-1.227114E-05	10498.83
-0.24	-1.222051E-05	10499.38
-0.24	-1.218114E-05	10499.93
-0.24	-1.215258E-05	10500.48
-0.22	-1.185731E-05	10501.02
-0.22	-1.183944E-05	10501.57
-0.22	-1.181803E-05	10502.12
-0.22	-1.181984E-05	10502.66
-0.22	-1.182026E-05	10503.21
-0.22	-1.187403E-05	10503.76
-0.22	-1.191956E-05	10504.3
-0.22	-1.19364E-05	10504.85
-0.22	-1.192106E-05	10505.4
-0.22	-1.192727E-05	10505.95
-0.2	-1.168928E-05	10506.49
-0.2	-1.171943E-05	10507.04
-0.2	-1.17463E-05	10507.59
-0.2	-1.177612E-05	10508.13
-0.2	-1.182809E-05	10508.68
-0.2	-1.193388E-05	10509.23
-0.2	-1.207442E-05	10509.78
-0.2	-1.216801E-05	10510.32
-0.2	-1.226388E-05	10510.87
-0.2	-1.235756E-05	10511.42
-0.18	-1.212097E-05	10511.96
-0.18	-1.214541E-05	10512.51
-0.18	-1.224675E-05	10513.06
-0.18	-1.237424E-05	10513.61
-0.18	-1.253726E-05	10514.15
-0.18	-1.274922E-05	10514.7
-0.18	-1.288752E-05	10515.25
-0.18	-1.295854E-05	10515.79
-0.18	-1.309024E-05	10516.34
-0.18	-1.322633E-05	10516.89
-0.16	-1.296247E-05	10517.43
-0.16	-1.296903E-05	10517.98
-0.16	-1.296619E-05	10518.53
-0.16	-1.296105E-05	10519.08
-0.16	-1.295228E-05	10519.62
-0.16	-1.29456E-05	10520.17
-0.16	-1.292815E-05	10520.72
-0.16	-1.28826E-05	10521.26
-0.16	-1.278141E-05	10521.81
-0.16	-1.249664E-05	10522.36
-0.14	-1.166106E-05	10522.9
-0.14	-1.117508E-05	10523.45
-0.14	-1.088225E-05	10524
-0.14	-1.066166E-05	10524.54
-0.14	-1.05602E-05	10525.09
-0.14	-1.053769E-05	10525.64
-0.14	-1.052374E-05	10526.19
-0.14	-1.051641E-05	10526.73
-0.14	-1.051326E-05	10527.28
-0.14	-1.050952E-05	10527.83
-0.12	-1.022252E-05	10528.38
-0.12	-1.021652E-05	10528.92
-0.12	-1.021577E-05	10529.47
-0.12	-1.02152E-05	10530.02
-0.12	-1.021386E-05	10530.56
-0.12	-1.02112E-05	10531.11
-0.12	-1.02174E-05	10531.66
-0.12	-1.022199E-05	10532.2
-0.12	-1.022501E-05	10532.75
-0.12	-1.022915E-05	10533.3
-0.1	-9.950668E-06	10533.92
-0.1	-9.957954E-06	10534.49
-0.1	-9.963811E-06	10535.04
-0.1	-9.983757E-06	10535.59
-0.1	-1.001409E-05	10536.13
-0.1	-1.008356E-05	10536.68
-0.1	-1.017117E-05	10537.23
-0.1	-1.021561E-05	10537.78
-0.1	-1.02048E-05	10538.32
-0.1	-1.018519E-05	10538.87
-0.08	-9.98198E-06	10539.42
-0.08	-1.013851E-05	10539.97
-0.08	-1.026738E-05	10540.51
-0.08	-1.044338E-05	10541.06
-0.08	-1.074072E-05	10541.75
-0.08	-1.098494E-05	10542.3
-0.08	-1.136561E-05	10542.85
-0.08	-1.165444E-05	10543.4
-0.08	-1.173903E-05	10543.94
-0.08	-1.176242E-05	10544.49
-0.06	-1.149192E-05	10545.04
-0.06	-1.150971E-05	10545.58
-0.06	-1.152151E-05	10546.13
-0.06	-1.152052E-05	10546.68
-0.06	-1.151693E-05	10547.22
-0.06	-1.15165E-05	10547.77
-0.06	-1.151528E-05	10548.32
-0.06	-1.151581E-05	10548.86
-0.06	-1.150984E-05	10549.41
-0.06	-1.150613E-05	10549.96
-0.04	-1.121541E-05	10550.5
-0.04	-1.121211E-05	10551.05
-0.04	-1.121723E-05	10551.6
-0.04	-1.122548E-05	10552.15
-0.04	-1.123459E-05	10552.69
-0.04	-1.123703E-05	10553.24
-0.04	-1.123884E-05	10553.79
-0.04	-1.124139E-05	10554.33
-0.04	-1.124231E-05	10554.88
-0.04	-1.12434E-05	10555.43
-0.02	-1.095972E-05	10555.97
-0.02	-1.095726E-05	10556.52
-0.02	-1.095866E-05	10557.07
-0.02	-1.095673E-05	10557.61
-0.02	-1.095988E-05	10558.16
-0.02	-1.096354E-05	10558.71
-0.02	-1.096433E-05	10559.25
-0.02	-1.096142E-05	10559.8
-0.02	-1.096275E-05	10560.35
-0.02	-1.096315E-05	10560.9
0	-1.067058E-05	10561.44
0	-1.067126E-05	10561.99
0	-1.067731E-05	10562.54
0	-1.068122E-05	10563.09
0	-1.068596E-05	10563.63
0	-1.068537E-05	10564.18
0	-1.067387E-05	10564.73
0	-1.068512E-05	10565.28
0	-1.069264E-05	10565.83
0	-1.070048E-05	10566.37
0.02	-1.012031E-05	10566.92
0.02	-1.012923E-05	10567.47
0.02	-1.013553E-05	10568.01
0.02	-1.013254E-05	10568.56
0.02	-1.013168E-05	10569.11
0.02	-1.013449E-05	10569.66
0.02	-1.013461E-05	10570.2
0.02	-1.012849E-05	10570.75
0.02	-1.012959E-05	10571.3
0.02	-1.012973E-05	10571.84
0.04	-9.816086E-06	10572.47
0.04	-9.788534E-06	10573.04
0.04	-9.785028E-06	10573.59
0.04	-9.785806E-06	10574.13
0.04	-9.785278E-06	10574.68
0.04	-9.785444E-06	10575.23
0.04	-9.787628E-06	10575.77
0.04	-9.787528E-06	10576.32
0.04	-9.788379E-06	10576.87
0.04	-9.7882E-06	10577.41
0.06	-9.489598E-06	10577.96
0.06	-9.484038E-06	10578.51
0.06	-9.475106E-06	10579.05
0.06	-9.469266E-06	10579.6
0.06	-9.466041E-06	10580.15
0.06	-9.461179E-06	10580.69
0.06	-9.459455E-06	10581.24
0.06	-9.455707E-06	10581.79
0.06	-9.455056E-06	10582.33
0.06	-9.456191E-06	10582.88
0.08	-9.167362E-06	10583.43
0.08	-9.171335E-06	10583.98
0.08	-9.169961E-06	10584.52
0.08	-9.170088E-06	10585.07
0.08	-9.165853E-06	10585.62
0.08	-9.168412E-06	10586.16
0.08	-9.166692E-06	10586.71
0.08	-9.165458E-06	10587.26
0.08	-9.167283E-06	10587.8
0.08	-9.165607E-06	10588.35
0.1	-8.86342E-06	10588.9
0.1	-8.85739E-06	10589.44
0.1	-8.847023E-06	10589.99
0.1	-8.848283E-06	10590.54
0.1	-8.846955E-06	10591.08
0.1	-8.851432E-06	10591.63
0.1	-8.851173E-06	10592.18
0.1	-8.852946E-06	10592.73
0.1	-8.854452E-06	10593.27
0.1	-8.862159E-06	10593.82
0.12	-8.556883E-06	10594.37
0.12	-8.55867E-06	10594.91
0.12	-8.5581E-06	10595.46
0.12	-8.554285E-06	10596.01
0.12	-8.557166E-06	10596.55
0.12	-8.555445E-06	10597.1
0.12	-8.555962E-06	10597.65
0.12	-8.555779E-06	10598.2
0.12	-8.552018E-06	10598.74
0.12	-8.546988E-06	10599.29
0.14	-8.241819E-06	10599.84
0.14	-8.237966E-06	10600.38
0.14	-8.240442E-06	10600.93
0.14	-8.236254E-06	10601.48
0.14	-8.235031E-06	10602.02
0.14	-8.234637E-06	10602.57
0.14	-8.236904E-06	10603.12
0.14	-8.231863E-06	10603.66
0.14	-8.233142E-06	10604.21
0.14	-8.233704E-06	10604.76
0.16	-7.919163E-06	10605.3
0.16	-7.917329E-06	10605.85
0.16	-7.920109E-06	10606.4
0.16	-7.917918E-06	10606.95
0.16	-7.916781E-06	10607.49
0.16	-7.915764E-06	10608.04
0.16	-7.914163E-06	10608.59
0.16	-7.919683E-06	10609.13
0.16	-7.917914E-06	10609.68
0.16	-7.920548E-06	10610.23
0.18	-7.612096E-06	10610.77
0.18	-7.614246E-06	10611.32
0.18	-7.618182E-06	10611.87
0.18	-7.613668E-06	10612.41
0.18	-7.61667E-06	10612.96
0.18	-7.617367E-06	10613.51
0.18	-7.61688E-06	10614.05
0.18	-7.62037E-06	10614.6
0.18	-7.621486E-06	10615.15
0.18	-7.618647E-06	10615.7
0.2	-7.29984E-06	10616.24
0.2	-7.286026E-06	10616.79
0.2	-7.279915E-06	10617.34
0.2	-7.282681E-06	10617.88
0.2	-7.304017E-06	10618.43
0.2	-7.31288E-06	10618.98
0.2	-7.311681E-06	10619.53
0.2	-7.304514E-06	10620.07
0.2	-7.264659E-06	10620.62
0.2	-7.182839E-06	10621.17
0.22	-6.740968E-06	10621.71
0.22	-6.655742E-06	10622.26
0.22	-6.667405E-06	10622.81
0.22	-6.764076E-06	10623.36
0.22	-6.876501E-06	10623.9
0.22	-6.965237E-06	10624.45
0.22	-7.095508E-06	10625
0.22	-7.407303E-06	10625.54
0.22	-7.659681E-06	10626.09
0.22	-7.236049E-06	10626.64
0.24	-6.503414E-06	10627.18
0.24	-6.292897E-06	10627.73
0.24	-6.177299E-06	10628.28
0.24	-6.038962E-06	10628.83
0.24	-5.706717E-06	10629.37
0.24	-5.316149E-06	10629.92
0.24	-5.124498E-06	10630.47
0.24	-5.0883E-06	10631.01
0.24	-5.069205E-06	10631.56
0.24	-5.04999E-06	10632.11
0.26	-4.698668E-06	10632.65
0.26	-4.75017E-06	10633.2
0.26	-4.790369E-06	10633.75
0.26	-4.786104E-06	10634.29
0.26	-4.666917E-06	10634.84
0.26	-4.470893E-06	10635.39
0.26	-4.344535E-06	10635.94
0.26	-4.290942E-06	10636.48
0.26	-4.250964E-06	10637.03
0.26	-4.232545E-06	10637.58
0.28	-3.892205E-06	10638.12
0.28	-3.885524E-06	10638.67
0.28	-3.876846E-06	10639.22
0.28	-3.863384E-06	10639.76
0.28	-3.85716E-06	10640.31
0.28	-3.855415E-06	10640.86
0.28	-3.848817E-06	10641.4
0.28	-3.851413E-06	10641.95
0.28	-3.858575E-06	10642.5
0.28	-3.855836E-06	10643.04
0.3	-3.524017E-06	10643.59
0.3	-3.507356E-06	10644.14
0.3	-3.486015E-06	10644.69
0.3	-3.47659E-06	10645.23
0.3	-3.463661E-06	10645.78
0.3	-3.446809E-06	10646.33
0.3	-3.439207E-06	10646.88
0.3	-3.436326E-06	10647.42
0.3	-3.42245E-06	10647.97
0.3	-3.417933E-06	10648.52
0.32	-3.07931E-06	10649.06
0.32	-3.065899E-06	10649.61
0.32	-3.060444E-06	10650.16
0.32	-3.049495E-06	10650.71
0.32	-3.033964E-06	10651.25
0.32	-3.038456E-06	10651.8
0.32	-3.033992E-06	10652.35
0.32	-3.015709E-06	10652.89
0.32	-3.005316E-06	10653.44
0.32	-3.005478E-06	10653.99
0.34	-2.663424E-06	10654.54
0.34	-2.654053E-06	10655.08
0.34	-2.654746E-06	10655.63
0.34	-2.639543E-06	10656.18
0.34	-2.639412E-06	10656.72
0.34	-2.644035E-06	10657.27
0.34	-2.633173E-06	10657.82
0.34	-2.620629E-06	10658.36
0.34	-2.624602E-06	10658.91
0.34	-2.626106E-06	10659.46
0.36	-2.283955E-06	10660
0.36	-2.280522E-06	10660.55
0.36	-2.272846E-06	10661.1
0.36	-2.27895E-06	10661.64
0.36	-2.264213E-06	10662.19
0.36	-2.254308E-06	10662.74
0.36	-2.261532E-06	10663.29
0.36	-2.252457E-06	10663.83
0.36	-2.25333E-06	10664.38
0.36	-2.257184E-06	10664.93
0.38	-1.917551E-06	10665.47
0.38	-1.914521E-06	10666.02
0.38	-1.92801E-06	10666.57
0.38	-1.938718E-06	10667.11
0.38	-1.937089E-06	10667.66
0.38	-1.938426E-06	10668.21
0.38	-1.951478E-06	10668.75
0.38	-1.945252E-06	10669.3
0.38	-1.934828E-06	10669.85
0.38	-1.946451E-06	10670.39
0.4	-1.594135E-06	10670.94
0.4	-1.599828E-06	10671.49
0.4	-1.604889E-06	10672.03
0.4	-1.603155E-06	10672.58
0.4	-1.619078E-06	10673.13
0.4	-1.617574E-06	10673.68
0.4	-1.61765E-06	10674.22
0.4	-1.624302E-06	10674.77
0.4	-1.64517E-06	10675.32
0.4	-1.650574E-06	10675.86
0.42	-1.307929E-06	10676.41
0.42	-1.312376E-06	10676.96
0.42	-1.312935E-06	10677.5
0.42	-1.309665E-06	10678.05
0.42	-1.29799E-06	10678.6
0.42	-1.298083E-06	10679.15
0.42	-1.28799E-06	10679.69
0.42	-1.30425E-06	10680.24
0.42	-1.319998E-06	10680.79
0.42	-1.319642E-06	10681.33
0.44	-8.919532E-07	10681.96
0.44	-8.845684E-07	10682.53
0.44	-8.96836E-07	10683.07
0.44	-9.075498E-07	10683.62
0.44	-9.115543E-07	10684.17
0.44	-9.273755E-07	10684.71
0.44	-9.418449E-07	10685.26
0.44	-9.578781E-07	10685.81
0.44	-9.859376E-07	10686.35
0.44	-9.954047E-07	10686.9
0.46	-6.830415E-07	10687.45
0.46	-6.942471E-07	10687.99
0.46	-7.250872E-07	10688.54
0.46	-7.973127E-07	10689.08
0.46	-9.216006E-07	10689.63
0.46	-1.231903E-06	10690.32
0.46	-1.458685E-06	10690.87
0.46	-1.776414E-06	10691.42
0.46	-2.093694E-06	10691.97
0.46	-2.29936E-06	10692.52
0.48	-1.948897E-06	10693.06
0.48	-1.903089E-06	10693.61
0.48	-1.936549E-06	10694.16
0.48	-2.079276E-06	10694.7
0.48	-2.153934E-06	10695.25
0.48	-2.153806E-06	10695.8
0.48	-2.154952E-06	10696.34
0.48	-2.181893E-06	10696.89
0.48	-2.182342E-06	10697.44
0.48	-2.17859E-06	10697.99
0.5	-1.818681E-06	10698.53
0.5	-1.812292E-06	10699.08
0.5	-1.794247E-06	10699.62
0.5	-1.747742E-06	10700.17
0.5	-1.665614E-06	10700.72
0.5	-1.593752E-06	10701.27
0.5	-1.587224E-06	10701.81
0.5	-1.591618E-06	10702.36
0.5	-1.560136E-06	10702.91
0.5	-1.509692E-06	10703.46
0.52	-1.031123E-06	10704
0.52	-8.331683E-07	10704.63
0.52	-7.043897E-07	10705.2
0.52	-5.499435E-07	10705.75
0.52	-3.286573E-07	10706.29
0.52	-6.712333E-08	10706.84
0.52	1.494773E-07	10707.39
0.52	3.13133E-07	10707.93
0.52	3.982162E-07	10708.48
0.52	4.401717E-07	10709.03
0.54	8.413971E-07	10709.57
0.54	7.663609E-07	10710.12
0.54	6.6265E-07	10710.67
0.54	6.720463E-07	10711.21
0.54	7.375247E-07	10711.76
0.54	7.410094E-07	10712.31
0.54	7.819169E-07	10712.86
0.54	8.147794E-07	10713.4
0.54	8.783268E-07	10713.95
0.54	9.444065E-07	10714.5
0.56	1.357051E-06	10715.19
0.56	1.384312E-06	10715.74
0.56	1.383068E-06	10716.29
0.56	1.405102E-06	10716.83
0.56	1.417042E-06	10717.38
0.56	1.431454E-06	10717.93
0.56	1.439407E-06	10718.47
0.56	1.424859E-06	10719.02
0.56	1.428226E-06	10719.57
0.56	1.426949E-06	10720.11
0.58	1.794536E-06	10720.66
0.58	1.793278E-06	10721.21
0.58	1.793351E-06	10721.76
0.58	1.786376E-06	10722.3
0.58	1.773354E-06	10722.85
0.58	1.761956E-06	10723.4
0.58	1.727983E-06	10723.94
0.58	1.70611E-06	10724.49
0.58	1.708242E-06	10725.04
0.58	1.713092E-06	10725.58
0.6	2.075608E-06	10726.13
0.6	2.074861E-06	10726.68
0.6	2.041067E-06	10727.22
0.6	2.062151E-06	10727.77
0.6	2.083568E-06	10728.32
0.6	2.106033E-06	10728.87
0.6	2.116122E-06	10729.41
0.6	2.127032E-06	10729.96
0.6	2.129046E-06	10730.51
0.6	2.139472E-06	10731.05
0.62	2.588055E-06	10731.6
0.62	2.590704E-06	10732.15
0.62	2.592082E-06	10732.7
0.62	2.61809E-06	10733.24
0.62	2.615901E-06	10733.79
0.62	2.633873E-06	10734.34
0.62	2.636328E-06	10734.88
0.62	2.635937E-06	10735.43
0.62	2.622068E-06	10735.98
0.62	2.639165E-06	10736.53
0.64	3.043494E-06	10737.07
0.64	3.046227E-06	10737.62
0.64	3.042235E-06	10738.17
0.64	3.052041E-06	10738.71
0.64	3.061882E-06	10739.26
0.64	3.068412E-06	10739.81
0.64	3.065137E-06	10740.35
0.64	3.079532E-06	10740.9
0.64	3.069684E-06	10741.45
0.64	3.079749E-06	10742
0.66	3.472012E-06	10742.54
0.66	3.4686E-06	10743.09
0.66	3.458593E-06	10743.64
0.66	3.474906E-06	10744.18
0.66	3.450319E-06	10744.73
0.66	3.454118E-06	10745.28
0.66	3.452339E-06	10745.82
0.66	3.451051E-06	10746.37
0.66	3.446282E-06	10746.92
0.66	3.451097E-06	10747.46
0.68	3.831885E-06	10748.01
0.68	3.849274E-06	10748.56
0.68	3.849739E-06	10749.11
0.68	3.849014E-06	10749.65
0.68	3.829312E-06	10750.2
0.68	3.833036E-06	10750.75
0.68	3.81009E-06	10751.29
0.68	3.841692E-06	10751.84
0.68	3.820711E-06	10752.39
0.68	3.812625E-06	10752.93
0.7	4.220087E-06	10753.48
0.7	4.20857E-06	10754.03
0.7	4.19459E-06	10754.57
0.7	4.204442E-06	10755.12
0.7	4.192104E-06	10755.67
0.7	4.204502E-06	10756.21
0.7	4.182156E-06	10756.76
0.7	4.180484E-06	10757.31
0.7	4.193421E-06	10757.86
0.7	4.177553E-06	10758.4
0.72	4.563542E-06	10758.95
0.72	4.557114E-06	10759.5
0.72	4.571652E-06	10760.04
0.72	4.551378E-06	10760.59
0.72	4.559034E-06	10761.14
0.72	4.53506E-06	10761.68
0.72	4.563289E-06	10762.23
0.72	4.555847E-06	10762.78
0.72	4.566989E-06	10763.33
0.72	4.561443E-06	10763.87
0.74	4.963809E-06	10764.42
0.74	4.957582E-06	10764.97
0.74	4.951094E-06	10765.51
0.74	4.949287E-06	10766.06
0.74	4.928987E-06	10766.61
0.74	4.916167E-06	10767.15
0.74	4.905241E-06	10767.7
0.74	4.923572E-06	10768.25
0.74	4.927408E-06	10768.79
0.74	4.935165E-06	10769.34
0.76	5.346582E-06	10769.89
0.76	5.313941E-06	10770.44
0.76	5.32994E-06	10770.98
0.76	5.302346E-06	10771.53
0.76	5.321442E-06	10772.08
0.76	5.296991E-06	10772.62
0.76	5.292314E-06	10773.17
0.76	5.311394E-06	10773.72
0.76	5.295707E-06	10774.26
0.76	5.262576E-06	10774.81
0.78	5.692975E-06	10775.36
0.78	5.693493E-06	10775.91
0.78	5.696508E-06	10776.45
0.78	5.710207E-06	10777
0.78	5.686095E-06	10777.55
0.78	5.690601E-06	10778.09
0.78	5.687127E-06	10778.64
0.78	5.677582E-06	10779.19
0.78	5.680355E-06	10779.73
0.78	5.687979E-06	10780.28
0.8	6.10855E-06	10780.83
0.8	6.10918E-06	10781.37
0.8	6.110204E-06	10781.92
0.8	6.096086E-06	10782.47
0.8	6.082873E-06	10783.01
0.8	6.088921E-06	10783.56
0.8	6.079196E-06	10784.11
0.8	6.080117E-06	10784.66
0.8	6.070562E-06	10785.2
0.8	6.055596E-06	10785.75
0.82	6.493266E-06	10786.3
0.82	6.496821E-06	10786.84
0.82	6.474327E-06	10787.39
0.82	6.480127E-06	10787.94
0.82	6.493324E-06	10788.48
0.82	6.484098E-06	10789.03
0.82	6.507979E-06	10789.58
0.82	6.493615E-06	10790.13
0.82	6.483942E-06	10790.67
0.82	6.468313E-06	10791.22
0.84	6.929117E-06	10791.77
0.84	6.904929E-06	10792.31
0.84	6.900414E-06	10792.86
0.84	6.898794E-06	10793.41
0.84	6.89066E-06	10793.95
0.84	7.002649E-06	10794.5
0.84	6.870942E-06	10795.05
0.84	6.880356E-06	10795.59
0.84	6.880563E-06	10796.14
0.84	6.870345E-06	10796.69
0.86	7.316383E-06	10797.23
0.86	7.312026E-06	10797.78
0.86	7.316263E-06	10798.33
0.86	7.332013E-06	10798.88
0.86	7.451064E-06	10799.42
0.86	7.290031E-06	10799.97
0.86	7.276161E-06	10800.52
0.86	7.269136E-06	10801.06
0.86	7.276024E-06	10801.61
0.86	7.284008E-06	10802.16
0.88	7.709768E-06	10802.7
0.88	7.696816E-06	10803.25
0.88	7.695127E-06	10803.8
0.88	7.67831E-06	10804.34
0.88	7.690616E-06	10804.89
0.88	7.673505E-06	10805.44
0.88	7.69101E-06	10805.98
0.88	7.658066E-06	10806.53
0.88	7.663736E-06	10807.08
0.88	7.637248E-06	10807.62
0.9	8.100256E-06	10808.17
0.9	8.088189E-06	10808.72
0.9	8.107108E-06	10809.26
0.9	8.087012E-06	10809.81
0.9	8.076685E-06	10810.36
0.9	8.070779E-06	10810.9
0.9	8.058568E-06	10811.45
0.9	8.087351E-06	10812
0.9	8.094739E-06	10812.54
0.9	8.113743E-06	10813.09
0.92	8.533542E-06	10813.64
0.92	8.501281E-06	10814.19
0.92	8.49359E-06	10814.73
0.92	8.530578E-06	10815.28
0.92	8.514023E-06	10815.83
0.92	8.502642E-06	10816.37
0.92	8.478043E-06	10816.92
0.92	8.50255E-06	10817.47
0.92	8.49451E-06	10818.01
0.92	8.501793E-06	10818.56
0.94	8.950087E-06	10819.11
0.94	8.926492E-06	10819.65
0.94	8.938727E-06	10820.2
0.94	8.915757E-06	10820.75
0.94	8.884497E-06	10821.29
0.94	8.889822E-06	10821.84
0.94	8.863204E-06	10822.39
0.94	8.90185E-06	10822.94
0.94	8.87731E-06	10823.48
0.94	8.884504E-06	10824.03
0.96	9.399706E-06	10824.57
0.96	9.41745E-06	10825.12
0.96	9.37653E-06	10825.67
0.96	9.407227E-06	10826.21
0.96	9.388657E-06	10826.76
0.96	9.402703E-06	10827.31
0.96	9.380446E-06	10827.86
0.96	9.403257E-06	10828.4
0.96	9.398163E-06	10828.95
0.96	9.395546E-06	10829.5
0.98	9.836141E-06	10830.04
0.98	9.840181E-06	10830.59
0.98	9.820626E-06	10831.13
0.98	9.826018E-06	10831.68
0.98	9.81489E-06	10832.23
0.98	9.787831E-06	10832.77
0.98	9.791047E-06	10833.32
0.98	9.795857E-06	10833.87
0.98	9.786378E-06	10834.42
0.98	9.769856E-06	10834.96
1	1.022127E-05	10835.51
1	1.02373E-05	10836.05
1	1.022181E-05	10836.6
1	1.023749E-05	10837.15
1	1.020502E-05	10837.7
1	1.022219E-05	10838.24
1	1.017725E-05	10838.79
1	1.019117E-05	10839.34
1	1.017633E-05	10839.89
1	1.016854E-05	10840.44
