Messtemperatur      21∞C
U-Bereich           -1V   bis 1V
Anzahl der Meﬂpunkte     100
delay nach Einstellen der Spannung  s
Strombegrenzung     0.01 A
Kontakt             x
Beleuchtung         d
Kommentar eingeben

voltage / V   current / A   time

-1	-1.547991E-06	9528.115
-1	-1.546641E-06	9528.688
-1	-1.545465E-06	9529.235
-1	-1.544055E-06	9529.782
-1	-1.543848E-06	9530.329
-1	-1.542735E-06	9530.877
-1	-1.541733E-06	9531.425
-1	-1.540482E-06	9531.972
-1	-1.537255E-06	9532.52
-1	-1.534024E-06	9533.211
-0.98	-1.526061E-06	9533.766
-0.98	-1.52946E-06	9534.312
-0.98	-1.529674E-06	9534.857
-0.98	-1.530208E-06	9535.404
-0.98	-1.529865E-06	9535.951
-0.98	-1.529199E-06	9536.498
-0.98	-1.528594E-06	9537.045
-0.98	-1.52847E-06	9537.593
-0.98	-1.528104E-06	9538.139
-0.98	-1.52858E-06	9538.685
-0.96	-1.520776E-06	9539.232
-0.96	-1.521656E-06	9539.779
-0.96	-1.522004E-06	9540.326
-0.96	-1.522614E-06	9540.873
-0.96	-1.523072E-06	9541.42
-0.96	-1.523594E-06	9541.967
-0.96	-1.52433E-06	9542.515
-0.96	-1.525809E-06	9543.061
-0.96	-1.527834E-06	9543.608
-0.96	-1.52918E-06	9544.155
-0.94	-1.520437E-06	9544.702
-0.94	-1.520881E-06	9545.249
-0.94	-1.523039E-06	9545.796
-0.94	-1.524537E-06	9546.344
-0.94	-1.525429E-06	9546.889
-0.94	-1.525957E-06	9547.436
-0.94	-1.527815E-06	9547.983
-0.94	-1.529747E-06	9548.53
-0.94	-1.533988E-06	9549.077
-0.94	-1.539711E-06	9549.624
-0.92	-1.532826E-06	9550.171
-0.92	-1.536436E-06	9550.718
-0.92	-1.543531E-06	9551.266
-0.92	-1.550826E-06	9551.812
-0.92	-1.563548E-06	9552.358
-0.92	-1.575606E-06	9552.904
-0.92	-1.573428E-06	9553.452
-0.92	-1.560879E-06	9553.999
-0.92	-1.550847E-06	9554.546
-0.92	-1.363202E-06	9555.093
-0.9	-1.287207E-06	9555.64
-0.9	-1.326479E-06	9556.188
-0.9	-1.383554E-06	9556.733
-0.9	-1.314839E-06	9557.279
-0.9	-1.290542E-06	9557.826
-0.9	-1.515681E-06	9558.373
-0.9	-1.580605E-06	9558.92
-0.9	-1.649354E-06	9559.467
-0.9	-1.744373E-06	9560.014
-0.9	-1.836133E-06	9560.562
-0.88	-1.890812E-06	9561.107
-0.88	-1.926879E-06	9561.654
-0.88	-1.946965E-06	9562.201
-0.88	-1.957317E-06	9562.748
-0.88	-1.961007E-06	9563.295
-0.88	-1.961679E-06	9563.842
-0.88	-1.961156E-06	9564.39
-0.88	-1.959536E-06	9564.936
-0.88	-1.957517E-06	9565.481
-0.88	-1.955287E-06	9566.027
-0.86	-1.943177E-06	9566.573
-0.86	-1.942025E-06	9567.119
-0.86	-1.941227E-06	9567.666
-0.86	-1.940193E-06	9568.213
-0.86	-1.940358E-06	9568.76
-0.86	-1.940368E-06	9569.308
-0.86	-1.940774E-06	9569.853
-0.86	-1.939177E-06	9570.4
-0.86	-1.937565E-06	9570.947
-0.86	-1.935587E-06	9571.493
-0.84	-1.925289E-06	9572.04
-0.84	-1.924267E-06	9572.587
-0.84	-1.922391E-06	9573.134
-0.84	-1.921353E-06	9573.681
-0.84	-1.920194E-06	9574.229
-0.84	-1.918967E-06	9574.775
-0.84	-1.91645E-06	9575.322
-0.84	-1.913659E-06	9575.868
-0.84	-1.910171E-06	9576.415
-0.84	-1.907425E-06	9576.962
-0.82	-1.901133E-06	9577.509
-0.82	-1.905699E-06	9578.055
-0.82	-1.903732E-06	9578.603
-0.82	-1.899133E-06	9579.147
-0.82	-1.897608E-06	9579.694
-0.82	-1.897296E-06	9580.241
-0.82	-1.896172E-06	9580.788
-0.82	-1.8922E-06	9581.335
-0.82	-1.888113E-06	9581.882
-0.82	-1.89155E-06	9582.43
-0.8	-1.88866E-06	9582.976
-0.8	-1.891464E-06	9583.522
-0.8	-1.89401E-06	9584.069
-0.8	-1.895467E-06	9584.616
-0.8	-1.896232E-06	9585.164
-0.8	-1.89634E-06	9585.711
-0.8	-1.897174E-06	9586.258
-0.8	-1.898627E-06	9586.805
-0.8	-1.89993E-06	9587.353
-0.8	-1.901187E-06	9587.899
-0.78	-1.895208E-06	9588.446
-0.78	-1.897357E-06	9588.993
-0.78	-1.899805E-06	9589.54
-0.78	-1.90213E-06	9590.087
-0.78	-1.903557E-06	9590.634
-0.78	-1.904158E-06	9591.182
-0.78	-1.905066E-06	9591.727
-0.78	-1.905777E-06	9592.272
-0.78	-1.907101E-06	9592.818
-0.78	-1.90826E-06	9593.365
-0.76	-1.902296E-06	9593.912
-0.76	-1.90454E-06	9594.459
-0.76	-1.907133E-06	9595.006
-0.76	-1.908749E-06	9595.553
-0.76	-1.909944E-06	9596.099
-0.76	-1.909992E-06	9596.646
-0.76	-1.910941E-06	9597.193
-0.76	-1.909796E-06	9597.738
-0.76	-1.903313E-06	9598.285
-0.76	-1.901418E-06	9598.832
-0.74	-1.889671E-06	9599.379
-0.74	-1.87797E-06	9599.926
-0.74	-1.867407E-06	9600.473
-0.74	-1.839864E-06	9601.021
-0.74	-1.794261E-06	9601.565
-0.74	-1.736771E-06	9602.113
-0.74	-1.680154E-06	9602.66
-0.74	-1.634747E-06	9603.207
-0.74	-1.613148E-06	9603.754
-0.74	-1.612348E-06	9604.301
-0.72	-1.60916E-06	9604.848
-0.72	-1.609103E-06	9605.395
-0.72	-1.602848E-06	9605.941
-0.72	-1.595581E-06	9606.489
-0.72	-1.587361E-06	9607.035
-0.72	-1.582365E-06	9607.582
-0.72	-1.581809E-06	9608.129
-0.72	-1.584947E-06	9608.676
-0.72	-1.59579E-06	9609.223
-0.72	-1.598577E-06	9609.77
-0.7	-1.60613E-06	9610.316
-0.7	-1.618928E-06	9610.864
-0.7	-1.656765E-06	9611.41
-0.7	-1.680503E-06	9611.957
-0.7	-1.695252E-06	9612.504
-0.7	-1.718651E-06	9613.051
-0.7	-1.757294E-06	9613.598
-0.7	-1.80234E-06	9614.145
-0.7	-1.844195E-06	9614.69
-0.7	-1.870566E-06	9615.237
-0.68	-1.878002E-06	9615.785
-0.68	-1.876695E-06	9616.332
-0.68	-1.870942E-06	9616.879
-0.68	-1.867578E-06	9617.426
-0.68	-1.855576E-06	9617.973
-0.68	-1.838298E-06	9618.52
-0.68	-1.815688E-06	9619.065
-0.68	-1.801875E-06	9619.613
-0.68	-1.795515E-06	9620.16
-0.68	-1.795974E-06	9620.707
-0.66	-1.800663E-06	9621.253
-0.66	-1.829617E-06	9621.8
-0.66	-1.868492E-06	9622.347
-0.66	-1.898474E-06	9622.894
-0.66	-1.910975E-06	9623.441
-0.66	-1.908374E-06	9623.988
-0.66	-1.896572E-06	9624.533
-0.66	-1.882142E-06	9625.081
-0.66	-1.863614E-06	9625.628
-0.66	-1.814902E-06	9626.174
-0.64	-1.724747E-06	9626.721
-0.64	-1.641793E-06	9627.268
-0.64	-1.588694E-06	9627.814
-0.64	-1.559991E-06	9628.361
-0.64	-1.544327E-06	9628.908
-0.64	-1.536031E-06	9629.456
-0.64	-1.529956E-06	9630.003
-0.64	-1.526181E-06	9630.55
-0.64	-1.527703E-06	9631.097
-0.64	-1.532894E-06	9631.644
-0.62	-1.534271E-06	9632.19
-0.62	-1.545571E-06	9632.737
-0.62	-1.559706E-06	9633.284
-0.62	-1.577633E-06	9633.832
-0.62	-1.589174E-06	9634.378
-0.62	-1.589498E-06	9634.925
-0.62	-1.590562E-06	9635.472
-0.62	-1.589727E-06	9636.019
-0.62	-1.571931E-06	9636.565
-0.62	-1.545647E-06	9637.112
-0.6	-1.521961E-06	9637.659
-0.6	-1.514683E-06	9638.206
-0.6	-1.511537E-06	9638.754
-0.6	-1.509362E-06	9639.301
-0.6	-1.507862E-06	9639.848
-0.6	-1.506782E-06	9640.395
-0.6	-1.505746E-06	9640.942
-0.6	-1.504699E-06	9641.489
-0.6	-1.50387E-06	9642.037
-0.6	-1.503328E-06	9642.584
-0.58	-1.495872E-06	9643.131
-0.58	-1.49527E-06	9643.678
-0.58	-1.495027E-06	9644.224
-0.58	-1.494693E-06	9644.77
-0.58	-1.494725E-06	9645.316
-0.58	-1.494102E-06	9645.863
-0.58	-1.494676E-06	9646.41
-0.58	-1.495197E-06	9646.957
-0.58	-1.495205E-06	9647.505
-0.58	-1.49533E-06	9648.051
-0.56	-1.488833E-06	9648.597
-0.56	-1.489337E-06	9649.143
-0.56	-1.489887E-06	9649.689
-0.56	-1.490551E-06	9650.236
-0.56	-1.490902E-06	9650.783
-0.56	-1.491799E-06	9651.33
-0.56	-1.491621E-06	9651.877
-0.56	-1.492046E-06	9652.425
-0.56	-1.49277E-06	9652.972
-0.56	-1.493244E-06	9653.518
-0.54	-1.486898E-06	9654.064
-0.54	-1.488233E-06	9654.611
-0.54	-1.488185E-06	9655.158
-0.54	-1.48736E-06	9655.705
-0.54	-1.486937E-06	9656.252
-0.54	-1.486718E-06	9656.799
-0.54	-1.488199E-06	9657.346
-0.54	-1.487875E-06	9657.894
-0.54	-1.487916E-06	9658.439
-0.54	-1.487769E-06	9658.986
-0.52	-1.478581E-06	9659.533
-0.52	-1.478805E-06	9660.08
-0.52	-1.480232E-06	9660.627
-0.52	-1.481366E-06	9661.175
-0.52	-1.481646E-06	9661.721
-0.52	-1.48176E-06	9662.267
-0.52	-1.481702E-06	9662.813
-0.52	-1.481892E-06	9663.36
-0.52	-1.482108E-06	9663.907
-0.52	-1.482325E-06	9664.454
-0.5	-1.475928E-06	9665.001
-0.5	-1.476265E-06	9665.548
-0.5	-1.476669E-06	9666.096
-0.5	-1.477017E-06	9666.644
-0.5	-1.477651E-06	9667.191
-0.5	-1.478491E-06	9667.739
-0.5	-1.479575E-06	9668.287
-0.5	-1.48083E-06	9668.835
-0.5	-1.482334E-06	9669.383
-0.5	-1.484416E-06	9669.932
-0.48	-1.480974E-06	9670.479
-0.48	-1.496388E-06	9671.025
-0.48	-1.542271E-06	9671.572
-0.48	-1.612593E-06	9672.119
-0.48	-1.689835E-06	9672.666
-0.48	-1.766487E-06	9673.214
-0.48	-1.820427E-06	9673.759
-0.48	-1.843437E-06	9674.305
-0.48	-1.851408E-06	9674.852
-0.48	-1.858011E-06	9675.398
-0.46	-1.857883E-06	9675.945
-0.46	-1.858157E-06	9676.492
-0.46	-1.824557E-06	9677.039
-0.46	-1.76707E-06	9677.586
-0.46	-1.714524E-06	9678.132
-0.46	-1.669236E-06	9678.68
-0.46	-1.627115E-06	9679.226
-0.46	-1.601157E-06	9679.771
-0.46	-1.597722E-06	9680.319
-0.46	-1.610508E-06	9680.865
-0.44	-1.640534E-06	9681.412
-0.44	-1.702142E-06	9681.959
-0.44	-1.771428E-06	9682.506
-0.44	-1.8219E-06	9683.053
-0.44	-1.845681E-06	9683.6
-0.44	-1.854579E-06	9684.146
-0.44	-1.858627E-06	9684.693
-0.44	-1.862778E-06	9685.24
-0.44	-1.863851E-06	9685.787
-0.44	-1.859583E-06	9686.334
-0.42	-1.843632E-06	9686.882
-0.42	-1.841057E-06	9687.429
-0.42	-1.849676E-06	9687.976
-0.42	-1.850753E-06	9688.522
-0.42	-1.829245E-06	9689.069
-0.42	-1.803361E-06	9689.616
-0.42	-1.774102E-06	9690.162
-0.42	-1.718853E-06	9690.709
-0.42	-1.651589E-06	9691.256
-0.42	-1.594905E-06	9691.802
-0.4	-1.554387E-06	9692.349
-0.4	-1.54754E-06	9692.896
-0.4	-1.55392E-06	9693.442
-0.4	-1.550797E-06	9693.989
-0.4	-1.535392E-06	9694.536
-0.4	-1.51938E-06	9695.083
-0.4	-1.508833E-06	9695.63
-0.4	-1.505227E-06	9696.178
-0.4	-1.503037E-06	9696.725
-0.4	-1.503542E-06	9697.271
-0.38	-1.496986E-06	9697.818
-0.38	-1.495118E-06	9698.365
-0.38	-1.491313E-06	9698.911
-0.38	-1.487444E-06	9699.458
-0.38	-1.484256E-06	9700.006
-0.38	-1.481998E-06	9700.551
-0.38	-1.48015E-06	9701.098
-0.38	-1.4796E-06	9701.645
-0.38	-1.478233E-06	9702.191
-0.38	-1.477685E-06	9702.738
-0.36	-1.470609E-06	9703.285
-0.36	-1.470264E-06	9703.832
-0.36	-1.470008E-06	9704.38
-0.36	-1.469865E-06	9704.926
-0.36	-1.467854E-06	9705.474
-0.36	-1.46495E-06	9706.021
-0.36	-1.465075E-06	9706.566
-0.36	-1.465914E-06	9707.113
-0.36	-1.467286E-06	9707.66
-0.36	-1.467479E-06	9708.207
-0.34	-1.460638E-06	9708.755
-0.34	-1.459365E-06	9709.301
-0.34	-1.458509E-06	9709.848
-0.34	-1.46004E-06	9710.394
-0.34	-1.464354E-06	9710.94
-0.34	-1.464653E-06	9711.487
-0.34	-1.462815E-06	9712.034
-0.34	-1.461295E-06	9712.581
-0.34	-1.461723E-06	9713.129
-0.34	-1.46207E-06	9713.675
-0.32	-1.452801E-06	9714.222
-0.32	-1.454127E-06	9714.769
-0.32	-1.461325E-06	9715.315
-0.32	-1.465732E-06	9715.862
-0.32	-1.461015E-06	9716.409
-0.32	-1.45431E-06	9716.956
-0.32	-1.44863E-06	9717.503
-0.32	-1.445257E-06	9718.051
-0.32	-1.443386E-06	9718.597
-0.32	-1.441797E-06	9719.143
-0.3	-1.433895E-06	9719.689
-0.3	-1.432387E-06	9720.236
-0.3	-1.430886E-06	9720.783
-0.3	-1.430631E-06	9721.33
-0.3	-1.430163E-06	9721.877
-0.3	-1.429755E-06	9722.424
-0.3	-1.429691E-06	9722.972
-0.3	-1.430185E-06	9723.519
-0.3	-1.42903E-06	9724.065
-0.3	-1.427196E-06	9724.612
-0.28	-1.42169E-06	9725.159
-0.28	-1.424162E-06	9725.706
-0.28	-1.42552E-06	9726.253
-0.28	-1.427771E-06	9726.801
-0.28	-1.429599E-06	9727.347
-0.28	-1.431093E-06	9727.894
-0.28	-1.432158E-06	9728.439
-0.28	-1.433995E-06	9728.986
-0.28	-1.438216E-06	9729.532
-0.28	-1.449508E-06	9730.079
-0.26	-1.467235E-06	9730.625
-0.26	-1.496786E-06	9731.173
-0.26	-1.527282E-06	9731.719
-0.26	-1.566417E-06	9732.266
-0.26	-1.614374E-06	9732.812
-0.26	-1.652332E-06	9733.358
-0.26	-1.672595E-06	9733.905
-0.26	-1.689134E-06	9734.452
-0.26	-1.708513E-06	9734.999
-0.26	-1.722098E-06	9735.546
-0.24	-1.720899E-06	9736.093
-0.24	-1.724327E-06	9736.639
-0.24	-1.726126E-06	9737.186
-0.24	-1.728656E-06	9737.732
-0.24	-1.731387E-06	9738.279
-0.24	-1.732371E-06	9738.826
-0.24	-1.732567E-06	9739.372
-0.24	-1.731866E-06	9739.918
-0.24	-1.724103E-06	9740.464
-0.24	-1.711183E-06	9741.011
-0.22	-1.697472E-06	9741.558
-0.22	-1.69288E-06	9742.104
-0.22	-1.687267E-06	9742.65
-0.22	-1.684906E-06	9743.197
-0.22	-1.683342E-06	9743.744
-0.22	-1.672934E-06	9744.291
-0.22	-1.640174E-06	9744.839
-0.22	-1.586219E-06	9745.386
-0.22	-1.527183E-06	9745.932
-0.22	-1.479151E-06	9746.479
-0.2	-1.442106E-06	9747.025
-0.2	-1.422673E-06	9747.573
-0.2	-1.409013E-06	9748.12
-0.2	-1.397141E-06	9748.667
-0.2	-1.390102E-06	9749.214
-0.2	-1.386095E-06	9749.762
-0.2	-1.382876E-06	9750.309
-0.2	-1.379659E-06	9750.855
-0.2	-1.376828E-06	9751.402
-0.2	-1.374395E-06	9751.949
-0.18	-1.36583E-06	9752.496
-0.18	-1.363782E-06	9753.043
-0.18	-1.361859E-06	9753.59
-0.18	-1.360374E-06	9754.137
-0.18	-1.358961E-06	9754.684
-0.18	-1.356289E-06	9755.23
-0.18	-1.355478E-06	9755.776
-0.18	-1.355031E-06	9756.323
-0.18	-1.354205E-06	9756.87
-0.18	-1.353891E-06	9757.417
-0.16	-1.34555E-06	9757.964
-0.16	-1.344706E-06	9758.511
-0.16	-1.344946E-06	9759.059
-0.16	-1.345023E-06	9759.604
-0.16	-1.345679E-06	9760.151
-0.16	-1.344973E-06	9760.698
-0.16	-1.343229E-06	9761.245
-0.16	-1.343409E-06	9761.792
-0.16	-1.343085E-06	9762.339
-0.16	-1.343904E-06	9762.886
-0.14	-1.338122E-06	9763.432
-0.14	-1.338828E-06	9763.979
-0.14	-1.34044E-06	9764.525
-0.14	-1.34356E-06	9765.072
-0.14	-1.349511E-06	9765.619
-0.14	-1.355484E-06	9766.166
-0.14	-1.361835E-06	9766.713
-0.14	-1.373877E-06	9767.261
-0.14	-1.40044E-06	9767.806
-0.14	-1.443674E-06	9768.353
-0.12	-1.483666E-06	9768.9
-0.12	-1.527071E-06	9769.447
-0.12	-1.575884E-06	9769.994
-0.12	-1.611178E-06	9770.541
-0.12	-1.626037E-06	9771.088
-0.12	-1.62381E-06	9771.636
-0.12	-1.613094E-06	9772.181
-0.12	-1.607671E-06	9772.729
-0.12	-1.612867E-06	9773.274
-0.12	-1.620491E-06	9773.821
-0.1	-1.617509E-06	9774.368
-0.1	-1.616785E-06	9774.915
-0.1	-1.613068E-06	9775.462
-0.1	-1.610989E-06	9776.009
-0.1	-1.611655E-06	9776.556
-0.1	-1.612377E-06	9777.103
-0.1	-1.61125E-06	9777.65
-0.1	-1.60588E-06	9778.197
-0.1	-1.593994E-06	9778.744
-0.1	-1.58045E-06	9779.291
-0.08	-1.560929E-06	9779.838
-0.08	-1.555033E-06	9780.385
-0.08	-1.556442E-06	9780.932
-0.08	-1.554792E-06	9781.479
-0.08	-1.557334E-06	9782.025
-0.08	-1.568629E-06	9782.572
-0.08	-1.57722E-06	9783.118
-0.08	-1.579639E-06	9783.665
-0.08	-1.582791E-06	9784.211
-0.08	-1.588181E-06	9784.758
-0.06	-1.585512E-06	9785.305
-0.06	-1.591863E-06	9785.851
-0.06	-1.605252E-06	9786.396
-0.06	-1.616374E-06	9786.942
-0.06	-1.606824E-06	9787.489
-0.06	-1.592649E-06	9788.036
-0.06	-1.589087E-06	9788.583
-0.06	-1.58707E-06	9789.131
-0.06	-1.585614E-06	9789.676
-0.06	-1.5818E-06	9790.222
-0.04	-1.566909E-06	9790.769
-0.04	-1.558363E-06	9791.315
-0.04	-1.55723E-06	9791.862
-0.04	-1.562191E-06	9792.409
-0.04	-1.563065E-06	9792.956
-0.04	-1.558231E-06	9793.503
-0.04	-1.551129E-06	9794.049
-0.04	-1.547945E-06	9794.595
-0.04	-1.551503E-06	9795.142
-0.04	-1.556931E-06	9795.688
-0.02	-1.555459E-06	9796.235
-0.02	-1.55791E-06	9796.782
-0.02	-1.557632E-06	9797.329
-0.02	-1.556684E-06	9797.876
-0.02	-1.555831E-06	9798.423
-0.02	-1.554376E-06	9798.971
-0.02	-1.553758E-06	9799.518
-0.02	-1.552738E-06	9800.064
-0.02	-1.55136E-06	9800.611
-0.02	-1.549863E-06	9801.158
0	-1.54077E-06	9801.704
0	-1.539856E-06	9802.253
0	-1.539249E-06	9802.799
0	-1.539E-06	9803.346
0	-1.539547E-06	9803.894
0	-1.538877E-06	9804.44
0	-1.538944E-06	9804.987
0	-1.537987E-06	9805.535
0	-1.537493E-06	9806.083
0	-1.536509E-06	9806.631
0.02	-1.52037E-06	9807.18
0.02	-1.519844E-06	9807.727
0.02	-1.51971E-06	9808.272
0.02	-1.519322E-06	9808.82
0.02	-1.51896E-06	9809.367
0.02	-1.518619E-06	9809.913
0.02	-1.517954E-06	9810.46
0.02	-1.517101E-06	9811.007
0.02	-1.516055E-06	9811.554
0.02	-1.51472E-06	9812.102
0.04	-1.505371E-06	9812.647
0.04	-1.504403E-06	9813.192
0.04	-1.503755E-06	9813.739
0.04	-1.502785E-06	9814.286
0.04	-1.502567E-06	9814.833
0.04	-1.500842E-06	9815.38
0.04	-1.499931E-06	9815.927
0.04	-1.498133E-06	9816.474
0.04	-1.496862E-06	9817.02
0.04	-1.494995E-06	9817.567
0.06	-1.484698E-06	9818.114
0.06	-1.483799E-06	9818.661
0.06	-1.482909E-06	9819.208
0.06	-1.482448E-06	9819.755
0.06	-1.482368E-06	9820.302
0.06	-1.48255E-06	9820.849
0.06	-1.482491E-06	9821.396
0.06	-1.482217E-06	9821.941
0.06	-1.48241E-06	9822.488
0.06	-1.480469E-06	9823.035
0.08	-1.477474E-06	9823.582
0.08	-1.48287E-06	9824.128
0.08	-1.481834E-06	9824.675
0.08	-1.475651E-06	9825.221
0.08	-1.473547E-06	9825.768
0.08	-1.464126E-06	9826.313
0.08	-1.440897E-06	9826.86
0.08	-1.440255E-06	9827.407
0.08	-1.440511E-06	9827.953
0.08	-1.448334E-06	9828.5
0.1	-1.445156E-06	9829.046
0.1	-1.451331E-06	9829.594
0.1	-1.450119E-06	9830.141
0.1	-1.450322E-06	9830.687
0.1	-1.44558E-06	9831.234
0.1	-1.449767E-06	9831.782
0.1	-1.456216E-06	9832.328
0.1	-1.458354E-06	9832.876
0.1	-1.459146E-06	9833.423
0.1	-1.462225E-06	9833.97
0.12	-1.454362E-06	9834.518
0.12	-1.459651E-06	9835.064
0.12	-1.456538E-06	9835.611
0.12	-1.456856E-06	9836.159
0.12	-1.458964E-06	9836.705
0.12	-1.460377E-06	9837.252
0.12	-1.462393E-06	9837.798
0.12	-1.463871E-06	9838.345
0.12	-1.459653E-06	9838.892
0.12	-1.460374E-06	9839.438
0.14	-1.451997E-06	9839.985
0.14	-1.453007E-06	9840.532
0.14	-1.456346E-06	9841.08
0.14	-1.46956E-06	9841.627
0.14	-1.472417E-06	9842.174
0.14	-1.471792E-06	9842.72
0.14	-1.472916E-06	9843.267
0.14	-1.474858E-06	9843.813
0.14	-1.476275E-06	9844.36
0.14	-1.477332E-06	9844.907
0.16	-1.468099E-06	9845.454
0.16	-1.46896E-06	9846
0.16	-1.470064E-06	9846.547
0.16	-1.470762E-06	9847.094
0.16	-1.470757E-06	9847.641
0.16	-1.47312E-06	9848.187
0.16	-1.473711E-06	9848.735
0.16	-1.47423E-06	9849.281
0.16	-1.477978E-06	9849.827
0.16	-1.48009E-06	9850.375
0.18	-1.472191E-06	9850.922
0.18	-1.475542E-06	9851.469
0.18	-1.47807E-06	9852.016
0.18	-1.478698E-06	9852.562
0.18	-1.480073E-06	9853.109
0.18	-1.481639E-06	9853.656
0.18	-1.483512E-06	9854.203
0.18	-1.485698E-06	9854.749
0.18	-1.487832E-06	9855.295
0.18	-1.489854E-06	9855.842
0.2	-1.481056E-06	9856.389
0.2	-1.483194E-06	9856.936
0.2	-1.485357E-06	9857.482
0.2	-1.48786E-06	9858.029
0.2	-1.490439E-06	9858.577
0.2	-1.493094E-06	9859.123
0.2	-1.496043E-06	9859.671
0.2	-1.498996E-06	9860.218
0.2	-1.501735E-06	9860.765
0.2	-1.504271E-06	9861.312
0.22	-1.494793E-06	9861.858
0.22	-1.49652E-06	9862.405
0.22	-1.498326E-06	9862.952
0.22	-1.500233E-06	9863.498
0.22	-1.502098E-06	9864.046
0.22	-1.504677E-06	9864.592
0.22	-1.507147E-06	9865.139
0.22	-1.509712E-06	9865.686
0.22	-1.512115E-06	9866.232
0.22	-1.514298E-06	9866.779
0.24	-1.503836E-06	9867.326
0.24	-1.50566E-06	9867.873
0.24	-1.507303E-06	9868.42
0.24	-1.509065E-06	9868.967
0.24	-1.510919E-06	9869.514
0.24	-1.513495E-06	9870.06
0.24	-1.515418E-06	9870.606
0.24	-1.517019E-06	9871.154
0.24	-1.518601E-06	9871.699
0.24	-1.520287E-06	9872.246
0.26	-1.506344E-06	9872.793
0.26	-1.507278E-06	9873.34
0.26	-1.507313E-06	9873.886
0.26	-1.504915E-06	9874.433
0.26	-1.502361E-06	9874.979
0.26	-1.508516E-06	9875.526
0.26	-1.515273E-06	9876.073
0.26	-1.519266E-06	9876.621
0.26	-1.520317E-06	9877.167
0.26	-1.520365E-06	9877.714
0.28	-1.504311E-06	9878.26
0.28	-1.502658E-06	9878.807
0.28	-1.509597E-06	9879.354
0.28	-1.517015E-06	9879.9
0.28	-1.522648E-06	9880.447
0.28	-1.526595E-06	9880.994
0.28	-1.529269E-06	9881.54
0.28	-1.531791E-06	9882.088
0.28	-1.534376E-06	9882.634
0.28	-1.535971E-06	9883.181
0.3	-1.523604E-06	9883.728
0.3	-1.52578E-06	9884.274
0.3	-1.526636E-06	9884.821
0.3	-1.529884E-06	9885.368
0.3	-1.532359E-06	9885.916
0.3	-1.534495E-06	9886.464
0.3	-1.534776E-06	9887.011
0.3	-1.537818E-06	9887.558
0.3	-1.540185E-06	9888.105
0.3	-1.542705E-06	9888.652
0.32	-1.52923E-06	9889.199
0.32	-1.529003E-06	9889.746
0.32	-1.525882E-06	9890.293
0.32	-1.526878E-06	9890.839
0.32	-1.534894E-06	9891.387
0.32	-1.541041E-06	9891.934
0.32	-1.54399E-06	9892.48
0.32	-1.546192E-06	9893.027
0.32	-1.548073E-06	9893.574
0.32	-1.54947E-06	9894.122
0.34	-1.534356E-06	9894.667
0.34	-1.536142E-06	9895.215
0.34	-1.538031E-06	9895.761
0.34	-1.540011E-06	9896.307
0.34	-1.542016E-06	9896.854
0.34	-1.544066E-06	9897.4
0.34	-1.546049E-06	9897.947
0.34	-1.548499E-06	9898.495
0.34	-1.550684E-06	9899.04
0.34	-1.552645E-06	9899.588
0.36	-1.537873E-06	9900.134
0.36	-1.540161E-06	9900.681
0.36	-1.542537E-06	9901.228
0.36	-1.544368E-06	9901.773
0.36	-1.545844E-06	9902.32
0.36	-1.547144E-06	9902.868
0.36	-1.549123E-06	9903.414
0.36	-1.551532E-06	9903.96
0.36	-1.553095E-06	9904.508
0.36	-1.554061E-06	9905.054
0.38	-1.538036E-06	9905.6
0.38	-1.539118E-06	9906.146
0.38	-1.541226E-06	9906.693
0.38	-1.543872E-06	9907.24
0.38	-1.544855E-06	9907.786
0.38	-1.545803E-06	9908.334
0.38	-1.547256E-06	9908.88
0.38	-1.548532E-06	9909.427
0.38	-1.549449E-06	9909.974
0.38	-1.550578E-06	9910.521
0.4	-1.532826E-06	9911.067
0.4	-1.533875E-06	9911.614
0.4	-1.53467E-06	9912.161
0.4	-1.535485E-06	9912.709
0.4	-1.53669E-06	9913.255
0.4	-1.537463E-06	9913.803
0.4	-1.538072E-06	9914.35
0.4	-1.538458E-06	9914.896
0.4	-1.538985E-06	9915.443
0.4	-1.539725E-06	9915.99
0.42	-1.520805E-06	9916.537
0.42	-1.521471E-06	9917.084
0.42	-1.520929E-06	9917.632
0.42	-1.520889E-06	9918.178
0.42	-1.521487E-06	9918.725
0.42	-1.524352E-06	9919.271
0.42	-1.525537E-06	9919.817
0.42	-1.526484E-06	9920.364
0.42	-1.52759E-06	9920.911
0.42	-1.528027E-06	9921.458
0.44	-1.508439E-06	9922.006
0.44	-1.50971E-06	9922.552
0.44	-1.510044E-06	9923.1
0.44	-1.510866E-06	9923.646
0.44	-1.511247E-06	9924.193
0.44	-1.511786E-06	9924.74
0.44	-1.512259E-06	9925.287
0.44	-1.512636E-06	9925.835
0.44	-1.513228E-06	9926.381
0.44	-1.513516E-06	9926.927
0.46	-1.491587E-06	9927.475
0.46	-1.491818E-06	9928.021
0.46	-1.492093E-06	9928.568
0.46	-1.492525E-06	9929.115
0.46	-1.492196E-06	9929.662
0.46	-1.492384E-06	9930.21
0.46	-1.492476E-06	9930.756
0.46	-1.492754E-06	9931.302
0.46	-1.492748E-06	9931.85
0.46	-1.492572E-06	9932.396
0.48	-1.469714E-06	9932.942
0.48	-1.46988E-06	9933.489
0.48	-1.469899E-06	9934.036
0.48	-1.470136E-06	9934.583
0.48	-1.469959E-06	9935.13
0.48	-1.469719E-06	9935.677
0.48	-1.470447E-06	9936.224
0.48	-1.470768E-06	9936.771
0.48	-1.470627E-06	9937.317
0.48	-1.470524E-06	9937.864
0.5	-1.445723E-06	9938.411
0.5	-1.445556E-06	9938.958
0.5	-1.445596E-06	9939.506
0.5	-1.445881E-06	9940.053
0.5	-1.444446E-06	9940.6
0.5	-1.44179E-06	9941.147
0.5	-1.441444E-06	9941.694
0.5	-1.441121E-06	9942.242
0.5	-1.44313E-06	9942.789
0.5	-1.445075E-06	9943.336
0.52	-1.418934E-06	9943.883
0.52	-1.418917E-06	9944.43
0.52	-1.418965E-06	9944.977
0.52	-1.419568E-06	9945.524
0.52	-1.419472E-06	9946.071
0.52	-1.419075E-06	9946.617
0.52	-1.418624E-06	9947.163
0.52	-1.418041E-06	9947.71
0.52	-1.417836E-06	9948.257
0.52	-1.417234E-06	9948.804
0.54	-1.388142E-06	9949.352
0.54	-1.387746E-06	9949.897
0.54	-1.38715E-06	9950.443
0.54	-1.386419E-06	9950.989
0.54	-1.385094E-06	9951.536
0.54	-1.384481E-06	9952.083
0.54	-1.383217E-06	9952.63
0.54	-1.38261E-06	9953.177
0.54	-1.381053E-06	9953.724
0.54	-1.378478E-06	9954.271
0.56	-1.342313E-06	9954.818
0.56	-1.335377E-06	9955.364
0.56	-1.331954E-06	9955.91
0.56	-1.337401E-06	9956.456
0.56	-1.342079E-06	9957.003
0.56	-1.340474E-06	9957.55
0.56	-1.334909E-06	9958.098
0.56	-1.329233E-06	9958.644
0.56	-1.324438E-06	9959.189
0.56	-1.322413E-06	9959.735
0.58	-1.281516E-06	9960.281
0.58	-1.25818E-06	9960.828
0.58	-1.248409E-06	9961.375
0.58	-1.270834E-06	9961.922
0.58	-1.294938E-06	9962.469
0.58	-1.300196E-06	9963.016
0.58	-1.29323E-06	9963.562
0.58	-1.297357E-06	9964.107
0.58	-1.311381E-06	9964.654
0.58	-1.316608E-06	9965.2
0.6	-1.280138E-06	9965.747
0.6	-1.281175E-06	9966.294
0.6	-1.282184E-06	9966.841
0.6	-1.282754E-06	9967.389
0.6	-1.283207E-06	9967.935
0.6	-1.283913E-06	9968.482
0.6	-1.284092E-06	9969.029
0.6	-1.284542E-06	9969.576
0.6	-1.285157E-06	9970.123
0.6	-1.285461E-06	9970.67
0.62	-1.238731E-06	9971.217
0.62	-1.239104E-06	9971.764
0.62	-1.239016E-06	9972.312
0.62	-1.234143E-06	9972.857
0.62	-1.208523E-06	9973.403
0.62	-1.176162E-06	9973.949
0.62	-1.176991E-06	9974.496
0.62	-1.193455E-06	9975.043
0.62	-1.190105E-06	9975.59
0.62	-1.187641E-06	9976.138
0.64	-1.15822E-06	9976.683
0.64	-1.174139E-06	9977.23
0.64	-1.164243E-06	9977.776
0.64	-1.10299E-06	9978.322
0.64	-1.029636E-06	9978.869
0.64	-9.629529E-07	9979.496
0.64	-9.218297E-07	9980.064
0.64	-8.951006E-07	9980.611
0.64	-8.767454E-07	9981.158
0.64	-8.679673E-07	9981.705
0.66	-8.176069E-07	9982.252
0.66	-8.14934E-07	9982.799
0.66	-8.128467E-07	9983.345
0.66	-8.114588E-07	9983.892
0.66	-8.102567E-07	9984.438
0.66	-8.090556E-07	9984.985
0.66	-8.080834E-07	9985.532
0.66	-8.069267E-07	9986.079
0.66	-8.063778E-07	9986.626
0.66	-8.05299E-07	9987.173
0.68	-7.559894E-07	9987.721
0.68	-7.557715E-07	9988.267
0.68	-7.547694E-07	9988.813
0.68	-7.542496E-07	9989.36
0.68	-7.534173E-07	9989.907
0.68	-7.527788E-07	9990.455
0.68	-7.523242E-07	9991.001
0.68	-7.51427E-07	9991.547
0.68	-7.510543E-07	9992.093
0.68	-7.500668E-07	9992.64
0.7	-6.958744E-07	9993.186
0.7	-6.957034E-07	9993.732
0.7	-6.954104E-07	9994.279
0.7	-6.954643E-07	9994.825
0.7	-6.952822E-07	9995.372
0.7	-6.950461E-07	9995.919
0.7	-6.947513E-07	9996.466
0.7	-6.948101E-07	9997.012
0.7	-6.946107E-07	9997.559
0.7	-6.951924E-07	9998.104
0.72	-6.413976E-07	9998.651
0.72	-6.414706E-07	9999.198
0.72	-6.41581E-07	9999.745
0.72	-6.415841E-07	10000.29
0.72	-6.420154E-07	10000.84
0.72	-6.421309E-07	10001.39
0.72	-6.425021E-07	10001.93
0.72	-6.427531E-07	10002.48
0.72	-6.432351E-07	10003.03
0.72	-6.421178E-07	10003.58
0.74	-5.852564E-07	10004.12
0.74	-5.852043E-07	10004.67
0.74	-5.86284E-07	10005.22
0.74	-5.862888E-07	10005.76
0.74	-5.872017E-07	10006.31
0.74	-5.869329E-07	10006.86
0.74	-5.871676E-07	10007.41
0.74	-5.87517E-07	10007.95
0.74	-5.882331E-07	10008.5
0.74	-5.886012E-07	10009.05
0.76	-5.276398E-07	10009.59
0.76	-5.282458E-07	10010.14
0.76	-5.286147E-07	10010.69
0.76	-5.291892E-07	10011.23
0.76	-5.282888E-07	10011.78
0.76	-5.224958E-07	10012.33
0.76	-5.145806E-07	10012.88
0.76	-5.300751E-07	10013.42
0.76	-5.313256E-07	10013.97
0.76	-5.310145E-07	10014.52
0.78	-4.676507E-07	10015.06
0.78	-4.671853E-07	10015.61
0.78	-4.675681E-07	10016.16
0.78	-4.681593E-07	10016.7
0.78	-4.687864E-07	10017.25
0.78	-4.693687E-07	10017.8
0.78	-4.693285E-07	10018.34
0.78	-4.697401E-07	10018.89
0.78	-4.698027E-07	10019.44
0.78	-4.698809E-07	10019.99
0.8	-3.993251E-07	10020.53
0.8	-3.98139E-07	10021.08
0.8	-3.986505E-07	10021.63
0.8	-3.98514E-07	10022.17
0.8	-3.99211E-07	10022.72
0.8	-4.0016E-07	10023.27
0.8	-4.005232E-07	10023.81
0.8	-4.008154E-07	10024.36
0.8	-4.012005E-07	10024.91
0.8	-4.017904E-07	10025.46
0.82	-3.266813E-07	10026
0.82	-3.267847E-07	10026.55
0.82	-3.273795E-07	10027.1
0.82	-3.272908E-07	10027.65
0.82	-3.280446E-07	10028.19
0.82	-3.280266E-07	10028.74
0.82	-3.282966E-07	10029.29
0.82	-3.290957E-07	10029.83
0.82	-3.294153E-07	10030.38
0.82	-3.290182E-07	10030.93
0.84	-2.47465E-07	10031.47
0.84	-2.473932E-07	10032.02
0.84	-2.474737E-07	10032.57
0.84	-2.472252E-07	10033.12
0.84	-2.408308E-07	10033.66
0.84	-2.09736E-07	10034.21
0.84	-2.304956E-07	10034.76
0.84	-2.418437E-07	10035.3
0.84	-2.437763E-07	10035.85
0.84	-2.441408E-07	10036.4
0.86	-1.534115E-07	10036.95
0.86	-1.545886E-07	10037.49
0.86	-1.535074E-07	10038.04
0.86	-1.504787E-07	10038.59
0.86	-1.375318E-07	10039.13
0.86	-1.34914E-07	10039.68
0.86	-1.514434E-07	10040.23
0.86	-1.566326E-07	10040.77
0.86	-1.576622E-07	10041.32
0.86	-1.572752E-07	10041.87
0.88	-5.922214E-08	10042.42
0.88	-5.972286E-08	10042.96
0.88	-6.126846E-08	10043.51
0.88	-6.059855E-08	10044.06
0.88	-6.069683E-08	10044.6
0.88	-6.169384E-08	10045.15
0.88	-6.046092E-08	10045.7
0.88	-6.050568E-08	10046.24
0.88	-6.366117E-08	10046.79
0.88	-6.363337E-08	10047.34
0.9	4.199512E-08	10047.88
0.9	4.165843E-08	10048.43
0.9	4.1243E-08	10048.98
0.9	4.0509E-08	10049.53
0.9	4.016615E-08	10050.07
0.9	3.916568E-08	10050.62
0.9	3.871823E-08	10051.17
0.9	3.929773E-08	10051.71
0.9	3.908208E-08	10052.26
0.9	3.930781E-08	10052.81
0.92	1.564129E-07	10053.36
0.92	1.560321E-07	10053.9
0.92	1.562767E-07	10054.45
0.92	1.563991E-07	10055
0.92	1.567322E-07	10055.54
0.92	1.562442E-07	10056.09
0.92	1.558638E-07	10056.64
0.92	1.563223E-07	10057.18
0.92	1.565379E-07	10057.73
0.92	1.566458E-07	10058.28
0.94	2.833661E-07	10058.83
0.94	2.836541E-07	10059.37
0.94	2.841714E-07	10059.92
0.94	2.853481E-07	10060.47
0.94	2.868533E-07	10061.01
0.94	2.870707E-07	10061.56
0.94	2.868996E-07	10062.11
0.94	2.861613E-07	10062.65
0.94	2.86314E-07	10063.2
0.94	2.86819E-07	10063.75
0.96	4.495002E-07	10064.29
0.96	4.488521E-07	10064.84
0.96	4.486321E-07	10065.39
0.96	4.485422E-07	10065.94
0.96	4.480866E-07	10066.48
0.96	4.482816E-07	10067.03
0.96	4.48714E-07	10067.58
0.96	4.487746E-07	10068.12
0.96	4.485723E-07	10068.67
0.96	4.493334E-07	10069.22
0.98	6.034903E-07	10069.76
0.98	6.033712E-07	10070.31
0.98	6.036163E-07	10070.86
0.98	6.044642E-07	10071.4
0.98	6.048147E-07	10071.95
0.98	6.048812E-07	10072.5
0.98	6.047449E-07	10073.04
0.98	6.046111E-07	10073.59
0.98	6.046461E-07	10074.14
0.98	6.054526E-07	10074.69
1	7.73585E-07	10075.23
1	7.738512E-07	10075.78
1	7.734869E-07	10076.33
1	7.738753E-07	10076.88
1	7.730816E-07	10077.42
1	7.741269E-07	10077.97
1	7.736915E-07	10078.52
1	7.741614E-07	10079.06
1	7.743263E-07	10079.61
1	7.741336E-07	10080.16
