Messtemperatur      21∞C
U-Bereich           -1V   bis 1V
Anzahl der Meﬂpunkte     100
delay nach Einstellen der Spannung  s
Strombegrenzung     0.01 A
Kontakt             x
Beleuchtung         d
Kommentar eingeben

voltage / V   current / A   time

-1	-7.162984E-05	5715.9
-1	-7.141304E-05	5716.478
-1	-7.126657E-05	5717.024
-1	-7.124784E-05	5717.571
-1	-7.139531E-05	5718.118
-1	-7.150508E-05	5718.665
-1	-7.150703E-05	5719.213
-1	-7.135779E-05	5719.76
-1	-7.11369E-05	5720.307
-1	-7.114392E-05	5720.854
-0.98	-7.120446E-05	5721.401
-0.98	-7.10533E-05	5721.948
-0.98	-7.112398E-05	5722.495
-0.98	-7.113956E-05	5723.042
-0.98	-7.130414E-05	5723.588
-0.98	-7.136841E-05	5724.135
-0.98	-7.12395E-05	5724.681
-0.98	-7.1055E-05	5725.228
-0.98	-7.114652E-05	5725.774
-0.98	-7.138081E-05	5726.321
-0.96	-7.135681E-05	5726.868
-0.96	-7.12619E-05	5727.415
-0.96	-7.104689E-05	5727.962
-0.96	-7.101287E-05	5728.508
-0.96	-7.109556E-05	5729.055
-0.96	-7.110888E-05	5729.602
-0.96	-7.150928E-05	5730.148
-0.96	-7.152439E-05	5730.695
-0.96	-7.171331E-05	5731.242
-0.96	-7.162799E-05	5731.789
-0.94	-7.142727E-05	5732.336
-0.94	-7.129982E-05	5732.883
-0.94	-7.134351E-05	5733.431
-0.94	-7.154819E-05	5733.977
-0.94	-7.165612E-05	5734.523
-0.94	-7.175976E-05	5735.07
-0.94	-7.166489E-05	5735.617
-0.94	-7.164439E-05	5736.164
-0.94	-7.180444E-05	5736.711
-0.94	-7.170429E-05	5737.258
-0.92	-7.151099E-05	5737.804
-0.92	-7.148754E-05	5738.352
-0.92	-7.135046E-05	5738.897
-0.92	-7.135685E-05	5739.444
-0.92	-7.117479E-05	5739.991
-0.92	-7.113348E-05	5740.538
-0.92	-7.106586E-05	5741.085
-0.92	-7.118649E-05	5741.632
-0.92	-7.127038E-05	5742.18
-0.92	-7.12687E-05	5742.725
-0.9	-7.115413E-05	5743.272
-0.9	-7.133506E-05	5743.818
-0.9	-7.148152E-05	5744.365
-0.9	-7.106514E-05	5744.912
-0.9	-7.072388E-05	5745.459
-0.9	-7.029608E-05	5746.006
-0.9	-7.05492E-05	5746.553
-0.9	-7.071045E-05	5747.1
-0.9	-7.069454E-05	5747.645
-0.9	-7.042122E-05	5748.19
-0.88	-6.997748E-05	5748.737
-0.88	-7.014973E-05	5749.284
-0.88	-7.006066E-05	5749.831
-0.88	-7.014468E-05	5750.378
-0.88	-6.993407E-05	5750.925
-0.88	-7.007716E-05	5751.472
-0.88	-7.027775E-05	5752.017
-0.88	-7.042416E-05	5752.563
-0.88	-7.008488E-05	5753.11
-0.88	-6.985666E-05	5753.657
-0.86	-6.982648E-05	5754.204
-0.86	-7.026767E-05	5754.75
-0.86	-7.000433E-05	5755.297
-0.86	-7.008782E-05	5755.844
-0.86	-7.022948E-05	5756.392
-0.86	-6.992447E-05	5756.938
-0.86	-6.98742E-05	5757.484
-0.86	-7.003448E-05	5758.031
-0.86	-7.001635E-05	5758.578
-0.86	-6.996094E-05	5759.124
-0.84	-6.991645E-05	5759.671
-0.84	-6.998561E-05	5760.217
-0.84	-6.983994E-05	5760.763
-0.84	-6.984967E-05	5761.309
-0.84	-6.994533E-05	5761.855
-0.84	-7.015013E-05	5762.401
-0.84	-7.00891E-05	5762.948
-0.84	-7.021843E-05	5763.495
-0.84	-6.998256E-05	5764.042
-0.84	-6.984439E-05	5764.588
-0.82	-6.97924E-05	5765.135
-0.82	-7.009825E-05	5765.681
-0.82	-7.002723E-05	5766.229
-0.82	-6.962906E-05	5766.775
-0.82	-6.942437E-05	5767.322
-0.82	-6.962483E-05	5767.869
-0.82	-6.964681E-05	5768.416
-0.82	-6.997863E-05	5768.963
-0.82	-7.009247E-05	5769.509
-0.82	-7.019113E-05	5770.056
-0.8	-7.008536E-05	5770.603
-0.8	-7.003958E-05	5771.15
-0.8	-6.95629E-05	5771.696
-0.8	-6.982379E-05	5772.244
-0.8	-6.97883E-05	5772.791
-0.8	-7.00441E-05	5773.338
-0.8	-7.02023E-05	5773.885
-0.8	-7.026265E-05	5774.432
-0.8	-6.98824E-05	5774.979
-0.8	-6.970674E-05	5775.526
-0.78	-6.984319E-05	5776.073
-0.78	-7.023627E-05	5776.619
-0.78	-7.037672E-05	5777.166
-0.78	-7.03104E-05	5777.713
-0.78	-7.014183E-05	5778.259
-0.78	-6.991527E-05	5778.807
-0.78	-7.000167E-05	5779.353
-0.78	-7.022617E-05	5779.899
-0.78	-7.012477E-05	5780.445
-0.78	-7.022273E-05	5780.992
-0.76	-7.024785E-05	5781.539
-0.76	-7.013972E-05	5782.086
-0.76	-6.995013E-05	5782.633
-0.76	-7.001492E-05	5783.18
-0.76	-7.008461E-05	5783.727
-0.76	-7.004193E-05	5784.273
-0.76	-6.98037E-05	5784.82
-0.76	-6.965262E-05	5785.367
-0.76	-6.940738E-05	5785.914
-0.76	-6.972344E-05	5786.461
-0.74	-6.966841E-05	5787.008
-0.74	-6.985368E-05	5787.555
-0.74	-6.956913E-05	5788.101
-0.74	-6.961537E-05	5788.647
-0.74	-6.997973E-05	5789.193
-0.74	-7.01782E-05	5789.74
-0.74	-7.005085E-05	5790.287
-0.74	-6.978895E-05	5790.834
-0.74	-6.986763E-05	5791.381
-0.74	-6.986148E-05	5791.927
-0.72	-6.966112E-05	5792.473
-0.72	-6.973977E-05	5793.019
-0.72	-6.970607E-05	5793.564
-0.72	-6.984056E-05	5794.111
-0.72	-6.97686E-05	5794.658
-0.72	-6.981469E-05	5795.205
-0.72	-6.95412E-05	5795.752
-0.72	-6.95631E-05	5796.299
-0.72	-6.896922E-05	5796.846
-0.72	-6.901626E-05	5797.394
-0.7	-6.929232E-05	5797.939
-0.7	-6.920251E-05	5798.486
-0.7	-6.920261E-05	5799.033
-0.7	-6.938667E-05	5799.58
-0.7	-6.93768E-05	5800.127
-0.7	-6.960274E-05	5800.674
-0.7	-6.954843E-05	5801.221
-0.7	-6.960031E-05	5801.768
-0.7	-6.981066E-05	5802.313
-0.7	-6.98287E-05	5802.859
-0.68	-6.983251E-05	5803.406
-0.68	-6.978828E-05	5803.953
-0.68	-6.975416E-05	5804.5
-0.68	-6.970392E-05	5805.047
-0.68	-6.981368E-05	5805.594
-0.68	-6.975611E-05	5806.141
-0.68	-6.952133E-05	5806.687
-0.68	-6.956729E-05	5807.233
-0.68	-6.955324E-05	5807.78
-0.68	-6.958394E-05	5808.327
-0.66	-6.933795E-05	5808.873
-0.66	-6.948464E-05	5809.42
-0.66	-6.977964E-05	5809.967
-0.66	-6.982205E-05	5810.514
-0.66	-6.942514E-05	5811.06
-0.66	-6.926832E-05	5811.605
-0.66	-6.896909E-05	5812.153
-0.66	-6.892208E-05	5812.7
-0.66	-6.908113E-05	5813.247
-0.66	-6.922959E-05	5813.794
-0.64	-6.914178E-05	5814.341
-0.64	-6.887145E-05	5814.888
-0.64	-6.885792E-05	5815.435
-0.64	-6.918191E-05	5815.981
-0.64	-6.928007E-05	5816.528
-0.64	-6.941707E-05	5817.074
-0.64	-6.93498E-05	5817.621
-0.64	-6.934385E-05	5818.167
-0.64	-6.926693E-05	5818.714
-0.64	-6.957904E-05	5819.261
-0.62	-6.950776E-05	5819.808
-0.62	-6.952696E-05	5820.354
-0.62	-6.977004E-05	5820.901
-0.62	-7.016959E-05	5821.446
-0.62	-7.040677E-05	5821.993
-0.62	-7.049055E-05	5822.541
-0.62	-7.0609E-05	5823.087
-0.62	-7.06076E-05	5823.634
-0.62	-7.049416E-05	5824.181
-0.62	-7.03239E-05	5824.728
-0.6	-7.030089E-05	5825.275
-0.6	-7.022016E-05	5825.821
-0.6	-6.983295E-05	5826.369
-0.6	-6.98238E-05	5826.916
-0.6	-6.990855E-05	5827.463
-0.6	-6.987438E-05	5828.01
-0.6	-6.987898E-05	5828.557
-0.6	-7.003496E-05	5829.104
-0.6	-6.992398E-05	5829.65
-0.6	-6.977016E-05	5830.198
-0.58	-6.932924E-05	5830.744
-0.58	-6.916115E-05	5831.291
-0.58	-6.899187E-05	5831.837
-0.58	-6.882966E-05	5832.384
-0.58	-6.888741E-05	5832.931
-0.58	-6.900827E-05	5833.477
-0.58	-6.898311E-05	5834.022
-0.58	-6.861651E-05	5834.568
-0.58	-6.863364E-05	5835.115
-0.58	-6.836868E-05	5835.661
-0.56	-6.812242E-05	5836.208
-0.56	-6.800805E-05	5836.755
-0.56	-6.825077E-05	5837.302
-0.56	-6.84245E-05	5837.849
-0.56	-6.812235E-05	5838.396
-0.56	-6.826838E-05	5838.941
-0.56	-6.826653E-05	5839.488
-0.56	-6.806432E-05	5840.034
-0.56	-6.803269E-05	5840.581
-0.56	-6.82195E-05	5841.127
-0.54	-6.818063E-05	5841.674
-0.54	-6.838039E-05	5842.221
-0.54	-6.848986E-05	5842.768
-0.54	-6.853785E-05	5843.314
-0.54	-6.851998E-05	5843.861
-0.54	-6.839381E-05	5844.408
-0.54	-6.85684E-05	5844.954
-0.54	-6.860152E-05	5845.5
-0.54	-6.833472E-05	5846.046
-0.54	-6.798834E-05	5846.593
-0.52	-6.814149E-05	5847.14
-0.52	-6.839092E-05	5847.687
-0.52	-6.837905E-05	5848.233
-0.52	-6.834351E-05	5848.78
-0.52	-6.850113E-05	5849.326
-0.52	-6.872811E-05	5849.873
-0.52	-6.84783E-05	5850.419
-0.52	-6.829393E-05	5850.966
-0.52	-6.809917E-05	5851.513
-0.52	-6.836967E-05	5852.06
-0.5	-6.838122E-05	5852.606
-0.5	-6.848529E-05	5853.153
-0.5	-6.809553E-05	5853.7
-0.5	-6.802958E-05	5854.248
-0.5	-6.79762E-05	5854.795
-0.5	-6.814432E-05	5855.342
-0.5	-6.807454E-05	5855.889
-0.5	-6.781523E-05	5856.436
-0.5	-6.787167E-05	5856.982
-0.5	-6.79138E-05	5857.529
-0.48	-6.777062E-05	5858.077
-0.48	-6.759734E-05	5858.624
-0.48	-6.737744E-05	5859.171
-0.48	-6.753354E-05	5859.718
-0.48	-6.753903E-05	5860.265
-0.48	-6.78572E-05	5860.812
-0.48	-6.784176E-05	5861.359
-0.48	-6.758847E-05	5861.905
-0.48	-6.774286E-05	5862.45
-0.48	-6.7899E-05	5862.996
-0.46	-6.849207E-05	5863.543
-0.46	-6.846472E-05	5864.089
-0.46	-6.805799E-05	5864.636
-0.46	-6.814987E-05	5865.183
-0.46	-6.81306E-05	5865.729
-0.46	-6.795469E-05	5866.276
-0.46	-6.817139E-05	5866.822
-0.46	-6.823433E-05	5867.369
-0.46	-6.838838E-05	5867.915
-0.46	-6.826166E-05	5868.462
-0.44	-6.830739E-05	5869.008
-0.44	-6.831349E-05	5869.555
-0.44	-6.842083E-05	5870.102
-0.44	-6.834979E-05	5870.647
-0.44	-6.854037E-05	5871.194
-0.44	-6.840849E-05	5871.74
-0.44	-6.834296E-05	5872.286
-0.44	-6.83266E-05	5872.833
-0.44	-6.848152E-05	5873.38
-0.44	-6.858674E-05	5873.927
-0.42	-6.836987E-05	5874.476
-0.42	-6.842971E-05	5875.022
-0.42	-6.856617E-05	5875.569
-0.42	-6.85956E-05	5876.115
-0.42	-6.839396E-05	5876.662
-0.42	-6.834714E-05	5877.209
-0.42	-6.851342E-05	5877.755
-0.42	-6.86093E-05	5878.302
-0.42	-6.868451E-05	5878.849
-0.42	-6.857394E-05	5879.396
-0.4	-6.840749E-05	5879.942
-0.4	-6.819548E-05	5880.49
-0.4	-6.850686E-05	5881.036
-0.4	-6.864672E-05	5881.583
-0.4	-6.855269E-05	5882.13
-0.4	-6.827919E-05	5882.677
-0.4	-6.830521E-05	5883.224
-0.4	-6.847431E-05	5883.771
-0.4	-6.853962E-05	5884.318
-0.4	-6.854999E-05	5884.864
-0.38	-6.831454E-05	5885.411
-0.38	-6.813601E-05	5885.957
-0.38	-6.787198E-05	5886.504
-0.38	-6.790018E-05	5887.051
-0.38	-6.768341E-05	5887.597
-0.38	-6.777128E-05	5888.143
-0.38	-6.779447E-05	5888.689
-0.38	-6.826597E-05	5889.235
-0.38	-6.836027E-05	5889.782
-0.38	-6.808881E-05	5890.328
-0.36	-6.80435E-05	5890.875
-0.36	-6.8065E-05	5891.422
-0.36	-6.793159E-05	5891.969
-0.36	-6.796317E-05	5892.515
-0.36	-6.791745E-05	5893.061
-0.36	-6.801086E-05	5893.607
-0.36	-6.802569E-05	5894.154
-0.36	-6.801304E-05	5894.7
-0.36	-6.808016E-05	5895.247
-0.36	-6.792504E-05	5895.793
-0.34	-6.773413E-05	5896.34
-0.34	-6.783954E-05	5896.887
-0.34	-6.775209E-05	5897.433
-0.34	-6.736806E-05	5897.979
-0.34	-6.705695E-05	5898.523
-0.34	-6.699903E-05	5899.07
-0.34	-6.751061E-05	5899.617
-0.34	-6.760257E-05	5900.164
-0.34	-6.752066E-05	5900.711
-0.34	-6.74808E-05	5901.258
-0.32	-6.730159E-05	5901.805
-0.32	-6.71932E-05	5902.35
-0.32	-6.713272E-05	5902.896
-0.32	-6.734394E-05	5903.442
-0.32	-6.752211E-05	5903.989
-0.32	-6.748505E-05	5904.536
-0.32	-6.774817E-05	5905.083
-0.32	-6.780226E-05	5905.629
-0.32	-6.787412E-05	5906.175
-0.32	-6.807467E-05	5906.722
-0.3	-6.82767E-05	5907.268
-0.3	-6.845035E-05	5907.815
-0.3	-6.861459E-05	5908.362
-0.3	-6.845251E-05	5908.909
-0.3	-6.875554E-05	5909.456
-0.3	-6.914726E-05	5910.003
-0.3	-6.916522E-05	5910.55
-0.3	-6.91204E-05	5911.097
-0.3	-6.910429E-05	5911.644
-0.3	-6.890263E-05	5912.191
-0.28	-6.874022E-05	5912.738
-0.28	-6.871644E-05	5913.285
-0.28	-6.877557E-05	5913.832
-0.28	-6.89623E-05	5914.379
-0.28	-6.91145E-05	5914.926
-0.28	-6.913917E-05	5915.472
-0.28	-6.873806E-05	5916.018
-0.28	-6.840524E-05	5916.565
-0.28	-6.846622E-05	5917.112
-0.28	-6.840831E-05	5917.659
-0.26	-6.82096E-05	5918.206
-0.26	-6.801778E-05	5918.753
-0.26	-6.815221E-05	5919.3
-0.26	-6.824203E-05	5919.847
-0.26	-6.810638E-05	5920.393
-0.26	-6.788238E-05	5920.939
-0.26	-6.795037E-05	5921.485
-0.26	-6.792788E-05	5922.031
-0.26	-6.789791E-05	5922.578
-0.26	-6.813578E-05	5923.125
-0.24	-6.808458E-05	5923.672
-0.24	-6.793026E-05	5924.219
-0.24	-6.814877E-05	5924.766
-0.24	-6.785844E-05	5925.313
-0.24	-6.785832E-05	5925.86
-0.24	-6.785682E-05	5926.407
-0.24	-6.797342E-05	5926.954
-0.24	-6.773469E-05	5927.501
-0.24	-6.746851E-05	5928.048
-0.24	-6.73491E-05	5928.595
-0.22	-6.742513E-05	5929.142
-0.22	-6.758396E-05	5929.688
-0.22	-6.757922E-05	5930.234
-0.22	-6.748225E-05	5930.78
-0.22	-6.749683E-05	5931.327
-0.22	-6.764141E-05	5931.874
-0.22	-6.771999E-05	5932.421
-0.22	-6.77087E-05	5932.968
-0.22	-6.774713E-05	5933.515
-0.22	-6.757288E-05	5934.061
-0.2	-6.751464E-05	5934.606
-0.2	-6.745008E-05	5935.154
-0.2	-6.743653E-05	5935.701
-0.2	-6.742291E-05	5936.248
-0.2	-6.746902E-05	5936.795
-0.2	-6.741506E-05	5937.342
-0.2	-6.72286E-05	5937.889
-0.2	-6.736091E-05	5938.436
-0.2	-6.758588E-05	5938.982
-0.2	-6.773288E-05	5939.529
-0.18	-6.752129E-05	5940.077
-0.18	-6.753916E-05	5940.624
-0.18	-6.74991E-05	5941.171
-0.18	-6.754864E-05	5941.718
-0.18	-6.743371E-05	5942.264
-0.18	-6.736366E-05	5942.811
-0.18	-6.754986E-05	5943.358
-0.18	-6.753823E-05	5943.904
-0.18	-6.749287E-05	5944.449
-0.18	-6.722048E-05	5944.996
-0.16	-6.729234E-05	5945.543
-0.16	-6.72798E-05	5946.09
-0.16	-6.75319E-05	5946.637
-0.16	-6.727439E-05	5947.184
-0.16	-6.710567E-05	5947.731
-0.16	-6.70223E-05	5948.276
-0.16	-6.718846E-05	5948.823
-0.16	-6.705937E-05	5949.37
-0.16	-6.683962E-05	5949.916
-0.16	-6.680265E-05	5950.463
-0.14	-6.663912E-05	5951.01
-0.14	-6.676574E-05	5951.556
-0.14	-6.650729E-05	5952.103
-0.14	-6.640717E-05	5952.65
-0.14	-6.66773E-05	5953.195
-0.14	-6.692592E-05	5953.743
-0.14	-6.683239E-05	5954.289
-0.14	-6.678161E-05	5954.835
-0.14	-6.68322E-05	5955.382
-0.14	-6.701813E-05	5955.929
-0.12	-6.679967E-05	5956.476
-0.12	-6.649138E-05	5957.023
-0.12	-6.640692E-05	5957.569
-0.12	-6.656018E-05	5958.117
-0.12	-6.675982E-05	5958.664
-0.12	-6.688841E-05	5959.211
-0.12	-6.676326E-05	5959.758
-0.12	-6.658616E-05	5960.305
-0.12	-6.665776E-05	5960.851
-0.12	-6.676153E-05	5961.397
-0.1	-6.637369E-05	5961.944
-0.1	-6.640175E-05	5962.491
-0.1	-6.655698E-05	5963.037
-0.1	-6.654863E-05	5963.585
-0.1	-6.639073E-05	5964.132
-0.1	-6.647351E-05	5964.679
-0.1	-6.690571E-05	5965.226
-0.1	-6.705222E-05	5965.773
-0.1	-6.671323E-05	5966.319
-0.1	-6.670519E-05	5966.867
-0.08	-6.677604E-05	5967.414
-0.08	-6.684471E-05	5967.96
-0.08	-6.662766E-05	5968.506
-0.08	-6.66265E-05	5969.052
-0.08	-6.653252E-05	5969.598
-0.08	-6.639645E-05	5970.144
-0.08	-6.645374E-05	5970.689
-0.08	-6.65278E-05	5971.236
-0.08	-6.655297E-05	5971.783
-0.08	-6.652642E-05	5972.33
-0.06	-6.643881E-05	5972.877
-0.06	-6.660673E-05	5973.423
-0.06	-6.673112E-05	5973.969
-0.06	-6.680075E-05	5974.515
-0.06	-6.67444E-05	5975.062
-0.06	-6.662121E-05	5975.608
-0.06	-6.64219E-05	5976.154
-0.06	-6.662768E-05	5976.701
-0.06	-6.684016E-05	5977.248
-0.06	-6.668396E-05	5977.795
-0.04	-6.635779E-05	5978.342
-0.04	-6.666474E-05	5978.888
-0.04	-6.674843E-05	5979.435
-0.04	-6.666773E-05	5979.98
-0.04	-6.674694E-05	5980.527
-0.04	-6.665402E-05	5981.073
-0.04	-6.671045E-05	5981.62
-0.04	-6.661236E-05	5982.166
-0.04	-6.660441E-05	5982.713
-0.04	-6.672351E-05	5983.26
-0.02	-6.665451E-05	5983.806
-0.02	-6.666398E-05	5984.352
-0.02	-6.654511E-05	5984.898
-0.02	-6.656371E-05	5985.445
-0.02	-6.663043E-05	5985.992
-0.02	-6.673468E-05	5986.539
-0.02	-6.634826E-05	5987.086
-0.02	-6.619818E-05	5987.632
-0.02	-6.621038E-05	5988.178
-0.02	-6.653179E-05	5988.724
0	-6.649407E-05	5989.27
0	-6.645859E-05	5989.816
0	-6.624823E-05	5990.363
0	-6.630959E-05	5990.911
0	-6.625592E-05	5991.459
0	-6.613058E-05	5992.007
0	-6.632868E-05	5992.555
0	-6.628608E-05	5993.102
0	-6.62678E-05	5993.649
0	-6.604142E-05	5994.196
0.02	-6.568174E-05	5994.743
0.02	-6.591628E-05	5995.29
0.02	-6.601926E-05	5995.837
0.02	-6.598577E-05	5996.384
0.02	-6.569512E-05	5996.931
0.02	-6.564084E-05	5997.478
0.02	-6.558639E-05	5998.024
0.02	-6.59054E-05	5998.571
0.02	-6.590278E-05	5999.119
0.02	-6.578216E-05	5999.666
0.04	-6.601018E-05	6000.213
0.04	-6.603728E-05	6000.759
0.04	-6.603864E-05	6001.305
0.04	-6.610508E-05	6001.852
0.04	-6.613301E-05	6002.398
0.04	-6.63391E-05	6002.945
0.04	-6.634906E-05	6003.493
0.04	-6.629194E-05	6004.038
0.04	-6.592685E-05	6004.586
0.04	-6.624576E-05	6005.132
0.06	-6.621173E-05	6005.679
0.06	-6.608092E-05	6006.226
0.06	-6.609697E-05	6006.772
0.06	-6.586925E-05	6007.319
0.06	-6.581836E-05	6007.866
0.06	-6.595086E-05	6008.414
0.06	-6.594871E-05	6008.961
0.06	-6.578408E-05	6009.508
0.06	-6.567007E-05	6010.055
0.06	-6.575848E-05	6010.602
0.08	-6.563421E-05	6011.148
0.08	-6.544425E-05	6011.694
0.08	-6.530495E-05	6012.242
0.08	-6.549777E-05	6012.789
0.08	-6.564842E-05	6013.336
0.08	-6.556798E-05	6013.883
0.08	-6.539896E-05	6014.43
0.08	-6.538537E-05	6014.977
0.08	-6.534295E-05	6015.522
0.08	-6.5485E-05	6016.069
0.1	-6.557068E-05	6016.615
0.1	-6.555102E-05	6017.162
0.1	-6.551413E-05	6017.709
0.1	-6.564073E-05	6018.256
0.1	-6.559955E-05	6018.804
0.1	-6.571755E-05	6019.351
0.1	-6.57109E-05	6019.897
0.1	-6.573818E-05	6020.444
0.1	-6.560756E-05	6020.991
0.1	-6.570353E-05	6021.538
0.12	-6.538262E-05	6022.085
0.12	-6.544842E-05	6022.633
0.12	-6.574187E-05	6023.179
0.12	-6.585367E-05	6023.726
0.12	-6.568182E-05	6024.272
0.12	-6.56252E-05	6024.819
0.12	-6.553534E-05	6025.366
0.12	-6.549248E-05	6025.913
0.12	-6.560769E-05	6026.46
0.12	-6.55367E-05	6027.007
0.14	-6.546898E-05	6027.555
0.14	-6.523697E-05	6028.102
0.14	-6.532265E-05	6028.648
0.14	-6.523887E-05	6029.195
0.14	-6.499184E-05	6029.742
0.14	-6.496924E-05	6030.289
0.14	-6.510139E-05	6030.836
0.14	-6.510821E-05	6031.383
0.14	-6.494713E-05	6031.93
0.14	-6.485129E-05	6032.478
0.16	-6.482136E-05	6033.023
0.16	-6.471556E-05	6033.57
0.16	-6.484216E-05	6034.117
0.16	-6.494304E-05	6034.664
0.16	-6.472771E-05	6035.211
0.16	-6.510907E-05	6035.759
0.16	-6.523911E-05	6036.304
0.16	-6.539176E-05	6036.851
0.16	-6.537762E-05	6037.398
0.16	-6.530127E-05	6037.944
0.18	-6.528806E-05	6038.491
0.18	-6.553425E-05	6039.038
0.18	-6.540201E-05	6039.585
0.18	-6.536675E-05	6040.132
0.18	-6.550068E-05	6040.68
0.18	-6.56296E-05	6041.226
0.18	-6.544752E-05	6041.772
0.18	-6.530626E-05	6042.318
0.18	-6.531705E-05	6042.865
0.18	-6.546703E-05	6043.411
0.2	-6.549873E-05	6043.958
0.2	-6.554474E-05	6044.505
0.2	-6.537119E-05	6045.052
0.2	-6.521858E-05	6045.6
0.2	-6.525647E-05	6046.146
0.2	-6.54554E-05	6046.694
0.2	-6.539764E-05	6047.241
0.2	-6.510554E-05	6047.788
0.2	-6.524433E-05	6048.335
0.2	-6.536944E-05	6048.883
0.22	-6.532959E-05	6049.43
0.22	-6.525803E-05	6049.977
0.22	-6.544816E-05	6050.524
0.22	-6.556026E-05	6051.07
0.22	-6.545377E-05	6051.617
0.22	-6.518902E-05	6052.164
0.22	-6.51437E-05	6052.71
0.22	-6.530424E-05	6053.257
0.22	-6.546925E-05	6053.804
0.22	-6.541706E-05	6054.351
0.24	-6.512823E-05	6054.897
0.24	-6.493344E-05	6055.444
0.24	-6.505427E-05	6055.992
0.24	-6.520252E-05	6056.539
0.24	-6.516078E-05	6057.086
0.24	-6.484606E-05	6057.633
0.24	-6.518495E-05	6058.18
0.24	-6.525682E-05	6058.727
0.24	-6.503482E-05	6059.274
0.24	-6.495855E-05	6059.82
0.26	-6.502183E-05	6060.365
0.26	-6.510982E-05	6060.912
0.26	-6.501796E-05	6061.459
0.26	-6.501825E-05	6062.006
0.26	-6.500861E-05	6062.553
0.26	-6.518227E-05	6063.1
0.26	-6.507162E-05	6063.646
0.26	-6.525576E-05	6064.193
0.26	-6.526614E-05	6064.741
0.26	-6.516476E-05	6065.287
0.28	-6.486523E-05	6065.834
0.28	-6.494941E-05	6066.381
0.28	-6.489507E-05	6066.928
0.28	-6.473102E-05	6067.475
0.28	-6.474815E-05	6068.022
0.28	-6.487939E-05	6068.567
0.28	-6.487596E-05	6069.114
0.28	-6.462621E-05	6069.661
0.28	-6.463246E-05	6070.208
0.28	-6.475757E-05	6070.755
0.3	-6.479222E-05	6071.302
0.3	-6.478772E-05	6071.849
0.3	-6.446508E-05	6072.396
0.3	-6.451581E-05	6072.942
0.3	-6.448E-05	6073.49
0.3	-6.461006E-05	6074.036
0.3	-6.440857E-05	6074.584
0.3	-6.420144E-05	6075.131
0.3	-6.411802E-05	6075.678
0.3	-6.414615E-05	6076.226
0.32	-6.402577E-05	6076.772
0.32	-6.400575E-05	6077.319
0.32	-6.387087E-05	6077.865
0.32	-6.406252E-05	6078.413
0.32	-6.417113E-05	6078.959
0.32	-6.387231E-05	6079.506
0.32	-6.358064E-05	6080.053
0.32	-6.398671E-05	6080.6
0.32	-6.419664E-05	6081.146
0.32	-6.432539E-05	6081.693
0.34	-6.397528E-05	6082.239
0.34	-6.40822E-05	6082.786
0.34	-6.430495E-05	6083.334
0.34	-6.432201E-05	6083.88
0.34	-6.442307E-05	6084.427
0.34	-6.430577E-05	6084.974
0.34	-6.418957E-05	6085.521
0.34	-6.435381E-05	6086.067
0.34	-6.432776E-05	6086.615
0.34	-6.412525E-05	6087.161
0.36	-6.396777E-05	6087.707
0.36	-6.384254E-05	6088.254
0.36	-6.384101E-05	6088.801
0.36	-6.416159E-05	6089.348
0.36	-6.415322E-05	6089.895
0.36	-6.433081E-05	6090.441
0.36	-6.444958E-05	6090.988
0.36	-6.416818E-05	6091.535
0.36	-6.40023E-05	6092.082
0.36	-6.420893E-05	6092.628
0.38	-6.419789E-05	6093.176
0.38	-6.39214E-05	6093.723
0.38	-6.380149E-05	6094.27
0.38	-6.386582E-05	6094.816
0.38	-6.405855E-05	6095.362
0.38	-6.396366E-05	6095.909
0.38	-6.393311E-05	6096.456
0.38	-6.386945E-05	6097.002
0.38	-6.394833E-05	6097.549
0.38	-6.423336E-05	6098.096
0.4	-6.402051E-05	6098.642
0.4	-6.398185E-05	6099.188
0.4	-6.410303E-05	6099.735
0.4	-6.412894E-05	6100.282
0.4	-6.41056E-05	6100.829
0.4	-6.39368E-05	6101.376
0.4	-6.389018E-05	6101.924
0.4	-6.414697E-05	6102.471
0.4	-6.432201E-05	6103.018
0.4	-6.41311E-05	6103.565
0.42	-6.399719E-05	6104.112
0.42	-6.421124E-05	6104.66
0.42	-6.407799E-05	6105.205
0.42	-6.4059E-05	6105.752
0.42	-6.415768E-05	6106.298
0.42	-6.416123E-05	6106.845
0.42	-6.407065E-05	6107.392
0.42	-6.409806E-05	6107.938
0.42	-6.394771E-05	6108.485
0.42	-6.386113E-05	6109.032
0.44	-6.389587E-05	6109.579
0.44	-6.418749E-05	6110.126
0.44	-6.432017E-05	6110.673
0.44	-6.390593E-05	6111.219
0.44	-6.364302E-05	6111.766
0.44	-6.378524E-05	6112.313
0.44	-6.40547E-05	6112.859
0.44	-6.403867E-05	6113.406
0.44	-6.374495E-05	6113.953
0.44	-6.354468E-05	6114.5
0.46	-6.340965E-05	6115.048
0.46	-6.341041E-05	6115.594
0.46	-6.363608E-05	6116.14
0.46	-6.357412E-05	6116.686
0.46	-6.358392E-05	6117.232
0.46	-6.359103E-05	6117.779
0.46	-6.354901E-05	6118.326
0.46	-6.376773E-05	6118.873
0.46	-6.384563E-05	6119.42
0.46	-6.391834E-05	6119.968
0.48	-6.348648E-05	6120.514
0.48	-6.330624E-05	6121.061
0.48	-6.31681E-05	6121.606
0.48	-6.348777E-05	6122.153
0.48	-6.35933E-05	6122.7
0.48	-6.341287E-05	6123.247
0.48	-6.346169E-05	6123.794
0.48	-6.354267E-05	6124.341
0.48	-6.370962E-05	6124.888
0.48	-6.381197E-05	6125.434
0.5	-6.364106E-05	6125.98
0.5	-6.382752E-05	6126.528
0.5	-6.381251E-05	6127.076
0.5	-6.359564E-05	6127.623
0.5	-6.353862E-05	6128.17
0.5	-6.373127E-05	6128.717
0.5	-6.383231E-05	6129.264
0.5	-6.383321E-05	6129.811
0.5	-6.376774E-05	6130.358
0.5	-6.35564E-05	6130.906
0.52	-6.353299E-05	6131.453
0.52	-6.369957E-05	6132
0.52	-6.366833E-05	6132.547
0.52	-6.358359E-05	6133.094
0.52	-6.345513E-05	6133.641
0.52	-6.341765E-05	6134.188
0.52	-6.353571E-05	6134.735
0.52	-6.362308E-05	6135.281
0.52	-6.351391E-05	6135.828
0.52	-6.348146E-05	6136.374
0.54	-6.337024E-05	6136.921
0.54	-6.350667E-05	6137.468
0.54	-6.341019E-05	6138.015
0.54	-6.336939E-05	6138.562
0.54	-6.335252E-05	6139.109
0.54	-6.342084E-05	6139.656
0.54	-6.347874E-05	6140.202
0.54	-6.336827E-05	6140.748
0.54	-6.315143E-05	6141.295
0.54	-6.322925E-05	6141.842
0.56	-6.326065E-05	6142.389
0.56	-6.321805E-05	6142.936
0.56	-6.333258E-05	6143.482
0.56	-6.328794E-05	6144.03
0.56	-6.313378E-05	6144.576
0.56	-6.304361E-05	6145.122
0.56	-6.302891E-05	6145.669
0.56	-6.307038E-05	6146.216
0.56	-6.320872E-05	6146.763
0.56	-6.322461E-05	6147.311
0.58	-6.323084E-05	6147.856
0.58	-6.319022E-05	6148.402
0.58	-6.29596E-05	6148.948
0.58	-6.291949E-05	6149.495
0.58	-6.295447E-05	6150.042
0.58	-6.311798E-05	6150.589
0.58	-6.310343E-05	6151.136
0.58	-6.298195E-05	6151.683
0.58	-6.298773E-05	6152.23
0.58	-6.305642E-05	6152.776
0.6	-6.298639E-05	6153.322
0.6	-6.307171E-05	6153.87
0.6	-6.289138E-05	6154.417
0.6	-6.290209E-05	6154.964
0.6	-6.286577E-05	6155.511
0.6	-6.294932E-05	6156.058
0.6	-6.281092E-05	6156.604
0.6	-6.274845E-05	6157.152
0.6	-6.286313E-05	6157.698
0.6	-6.303488E-05	6158.246
0.62	-6.296257E-05	6158.793
0.62	-6.274267E-05	6159.34
0.62	-6.259971E-05	6159.887
0.62	-6.261697E-05	6160.434
0.62	-6.263176E-05	6160.98
0.62	-6.270901E-05	6161.528
0.62	-6.273375E-05	6162.074
0.62	-6.26277E-05	6162.621
0.62	-6.253329E-05	6163.168
0.62	-6.250287E-05	6163.715
0.64	-6.230768E-05	6164.262
0.64	-6.249893E-05	6164.809
0.64	-6.236823E-05	6165.355
0.64	-6.248404E-05	6165.902
0.64	-6.244799E-05	6166.449
0.64	-6.242588E-05	6166.997
0.64	-6.243779E-05	6167.544
0.64	-6.230381E-05	6168.091
0.64	-6.24557E-05	6168.638
0.64	-6.264157E-05	6169.185
0.66	-6.249984E-05	6169.731
0.66	-6.246061E-05	6170.278
0.66	-6.238015E-05	6170.825
0.66	-6.224882E-05	6171.372
0.66	-6.235124E-05	6171.919
0.66	-6.227416E-05	6172.466
0.66	-6.221564E-05	6173.013
0.66	-6.217705E-05	6173.56
0.66	-6.221146E-05	6174.106
0.66	-6.227486E-05	6174.653
0.68	-6.201238E-05	6175.201
0.68	-6.190464E-05	6175.746
0.68	-6.182105E-05	6176.294
0.68	-6.223792E-05	6176.841
0.68	-6.219823E-05	6177.388
0.68	-6.220661E-05	6177.935
0.68	-6.200514E-05	6178.481
0.68	-6.198112E-05	6179.028
0.68	-6.218986E-05	6179.576
0.68	-6.238381E-05	6180.122
0.7	-6.223179E-05	6180.67
0.7	-6.222488E-05	6181.217
0.7	-6.224964E-05	6181.764
0.7	-6.232878E-05	6182.311
0.7	-6.2363E-05	6182.857
0.7	-6.235598E-05	6183.404
0.7	-6.229925E-05	6183.951
0.7	-6.206021E-05	6184.497
0.7	-6.196197E-05	6185.044
0.7	-6.190184E-05	6185.59
0.72	-6.166682E-05	6186.137
0.72	-6.187989E-05	6186.684
0.72	-6.195191E-05	6187.23
0.72	-6.21095E-05	6187.777
0.72	-6.199754E-05	6188.324
0.72	-6.206307E-05	6188.871
0.72	-6.195537E-05	6189.417
0.72	-6.211884E-05	6189.965
0.72	-6.222217E-05	6190.511
0.72	-6.218599E-05	6191.058
0.74	-6.192583E-05	6191.604
0.74	-6.202255E-05	6192.151
0.74	-6.199563E-05	6192.698
0.74	-6.177386E-05	6193.246
0.74	-6.193455E-05	6193.792
0.74	-6.205113E-05	6194.34
0.74	-6.218357E-05	6194.887
0.74	-6.203358E-05	6195.434
0.74	-6.181079E-05	6195.98
0.74	-6.175514E-05	6196.527
0.76	-6.171115E-05	6197.074
0.76	-6.186357E-05	6197.621
0.76	-6.176897E-05	6198.169
0.76	-6.166416E-05	6198.715
0.76	-6.150839E-05	6199.262
0.76	-6.165032E-05	6199.809
0.76	-6.168342E-05	6200.354
0.76	-6.152036E-05	6200.901
0.76	-6.139292E-05	6201.448
0.76	-6.141016E-05	6201.995
0.78	-6.126596E-05	6202.543
0.78	-6.118877E-05	6203.089
0.78	-6.124084E-05	6203.636
0.78	-6.117957E-05	6204.183
0.78	-6.129678E-05	6204.729
0.78	-6.112754E-05	6205.275
0.78	-6.106892E-05	6205.822
0.78	-6.090034E-05	6206.37
0.78	-6.099848E-05	6206.915
0.78	-6.095245E-05	6207.461
0.8	-6.096185E-05	6208.008
0.8	-6.111946E-05	6208.555
0.8	-6.090738E-05	6209.103
0.8	-6.089531E-05	6209.649
0.8	-6.081775E-05	6210.196
0.8	-6.080312E-05	6210.743
0.8	-6.07034E-05	6211.29
0.8	-6.084544E-05	6211.837
0.8	-6.079126E-05	6212.384
0.8	-6.089478E-05	6212.932
0.82	-6.079004E-05	6213.479
0.82	-6.078219E-05	6214.025
0.82	-6.081847E-05	6214.572
0.82	-6.045717E-05	6215.119
0.82	-6.061701E-05	6215.666
0.82	-6.077667E-05	6216.213
0.82	-6.099855E-05	6216.76
0.82	-6.097732E-05	6217.307
0.82	-6.075511E-05	6217.854
0.82	-6.075626E-05	6218.399
0.84	-6.088992E-05	6218.946
0.84	-6.088919E-05	6219.493
0.84	-6.092155E-05	6220.039
0.84	-6.100315E-05	6220.587
0.84	-6.090903E-05	6221.133
0.84	-6.107153E-05	6221.68
0.84	-6.088657E-05	6222.227
0.84	-6.098891E-05	6222.773
0.84	-6.077334E-05	6223.32
0.84	-6.108732E-05	6223.867
0.86	-6.10068E-05	6224.414
0.86	-6.08929E-05	6224.961
0.86	-6.089219E-05	6225.509
0.86	-6.069458E-05	6226.054
0.86	-6.081243E-05	6226.602
0.86	-6.100753E-05	6227.148
0.86	-6.08596E-05	6227.695
0.86	-6.071572E-05	6228.242
0.86	-6.070156E-05	6228.789
0.86	-6.096941E-05	6229.336
0.88	-6.066147E-05	6229.884
0.88	-6.062238E-05	6230.431
0.88	-6.058551E-05	6230.977
0.88	-6.077128E-05	6231.523
0.88	-6.071343E-05	6232.07
0.88	-6.069487E-05	6232.617
0.88	-6.055208E-05	6233.164
0.88	-6.069667E-05	6233.71
0.88	-6.088982E-05	6234.258
0.88	-6.08237E-05	6234.803
0.9	-6.036646E-05	6235.35
0.9	-6.048912E-05	6235.896
0.9	-6.067289E-05	6236.442
0.9	-6.061862E-05	6236.988
0.9	-6.062504E-05	6237.535
0.9	-6.047768E-05	6238.082
0.9	-6.058775E-05	6238.629
0.9	-6.050325E-05	6239.175
0.9	-6.048485E-05	6239.722
0.9	-6.051545E-05	6240.269
0.92	-6.041901E-05	6240.815
0.92	-6.036157E-05	6241.361
0.92	-6.024008E-05	6241.908
0.92	-6.018334E-05	6242.455
0.92	-6.028441E-05	6243.002
0.92	-6.04926E-05	6243.549
0.92	-6.039315E-05	6244.096
0.92	-6.024422E-05	6244.643
0.92	-6.012925E-05	6245.189
0.92	-6.01978E-05	6245.736
0.94	-6.014138E-05	6246.283
0.94	-6.011729E-05	6246.83
0.94	-5.991048E-05	6247.377
0.94	-5.998025E-05	6247.924
0.94	-5.991027E-05	6248.47
0.94	-5.989797E-05	6249.016
0.94	-6.016284E-05	6249.562
0.94	-6.018057E-05	6250.109
0.94	-5.998266E-05	6250.656
0.94	-6.001203E-05	6251.203
0.96	-5.970489E-05	6251.75
0.96	-5.969133E-05	6252.297
0.96	-5.965987E-05	6252.844
0.96	-5.961948E-05	6253.392
0.96	-5.966768E-05	6253.937
0.96	-5.966161E-05	6254.484
0.96	-5.950133E-05	6255.031
0.96	-5.949428E-05	6255.578
0.96	-5.96623E-05	6256.125
0.96	-5.977379E-05	6256.671
0.98	-5.937414E-05	6257.217
0.98	-5.924012E-05	6257.764
0.98	-5.931248E-05	6258.309
0.98	-5.934368E-05	6258.855
0.98	-5.923476E-05	6259.401
0.98	-5.900486E-05	6259.948
0.98	-5.907722E-05	6260.495
0.98	-5.907414E-05	6261.042
0.98	-5.915503E-05	6261.589
0.98	-5.913129E-05	6262.136
1	-5.88999E-05	6262.68
1	-5.867944E-05	6263.227
1	-5.896245E-05	6263.773
1	-5.90862E-05	6264.321
1	-5.901514E-05	6264.87
1	-5.873566E-05	6265.416
1	-5.878078E-05	6265.964
1	-5.92584E-05	6266.511
1	-5.924223E-05	6267.058
1	-5.916275E-05	6267.604
