Messtemperatur      21∞C
U-Bereich           -1V   bis 1V
Anzahl der Meﬂpunkte     100
delay nach Einstellen der Spannung  s
Strombegrenzung     1 A
Kontakt             x
Beleuchtung         d
Kommentar eingeben

voltage / V   current / A   time

-1	-0.1672649	4445.128
-1	-0.1678482	4445.678
-1	-0.1869225	4446.224
-1	-0.1897133	4446.771
-1	-0.1385927	4447.318
-1	-0.1357853	4447.864
-1	-5.059109E-10	4448.56
-1	-7.874247E-10	4449.111
-1	-1.814285E-10	4451.984
-1	-4.02778E-10	4452.556
-0.98	-4.365779E-10	4453.104
-0.98	4.150556E-05	4453.793
-0.98	4.105418E-05	4454.346
-0.98	4.12208E-05	4454.893
-0.98	4.097475E-05	4455.439
-0.98	4.075151E-05	4455.986
-0.98	4.047858E-05	4456.533
-0.98	4.115995E-05	4457.081
-0.98	4.068541E-05	4457.628
-0.98	4.184064E-05	4458.174
-0.96	7.282345E-05	4458.721
-0.96	7.211719E-05	4459.268
-0.96	7.216622E-05	4459.814
-0.96	7.194839E-05	4460.361
-0.96	7.20452E-05	4460.909
-0.96	7.223347E-05	4461.456
-0.96	7.221022E-05	4462.002
-0.96	7.223355E-05	4462.548
-0.96	7.206776E-05	4463.095
-0.96	7.195161E-05	4463.642
-0.94	7.215911E-05	4464.188
-0.94	7.236285E-05	4464.734
-0.94	7.259819E-05	4465.28
-0.94	7.282337E-05	4465.827
-0.94	7.25275E-05	4466.374
-0.94	7.248365E-05	4466.921
-0.94	7.398148E-05	4467.468
-0.94	7.349498E-05	4468.015
-0.94	5.011697E-05	4468.562
-0.94	4.90071E-05	4469.108
-0.92	4.949326E-05	4469.654
-0.92	4.92974E-05	4470.201
-0.92	5.50506E-05	4470.749
-0.92	5.813056E-05	4471.295
-0.92	5.828036E-05	4471.842
-0.92	5.835028E-05	4472.389
-0.92	5.835122E-05	4472.936
-0.92	5.81149E-05	4473.482
-0.92	5.777856E-05	4474.029
-0.92	5.764922E-05	4474.575
-0.9	5.801266E-05	4475.121
-0.9	5.78151E-05	4475.667
-0.9	5.791893E-05	4476.213
-0.9	5.790329E-05	4476.76
-0.9	5.817441E-05	4477.307
-0.9	5.814201E-05	4477.854
-0.9	5.803266E-05	4478.4
-0.9	5.799569E-05	4478.947
-0.9	5.81131E-05	4479.494
-0.9	5.804839E-05	4480.042
-0.88	5.869519E-05	4480.588
-0.88	5.910386E-05	4481.135
-0.88	5.907228E-05	4481.682
-0.88	5.898388E-05	4482.228
-0.88	5.905492E-05	4482.773
-0.88	5.920819E-05	4483.32
-0.88	5.90795E-05	4483.868
-0.88	5.893371E-05	4484.415
-0.88	5.883674E-05	4484.961
-0.88	5.885088E-05	4485.508
-0.86	5.928714E-05	4486.055
-0.86	5.920754E-05	4486.602
-0.86	5.921849E-05	4487.148
-0.86	5.927162E-05	4487.696
-0.86	5.910856E-05	4488.241
-0.86	5.914307E-05	4488.787
-0.86	5.926903E-05	4489.334
-0.86	5.926216E-05	4489.881
-0.86	5.923596E-05	4490.428
-0.86	5.92476E-05	4490.975
-0.84	5.953064E-05	4491.521
-0.84	5.951372E-05	4492.068
-0.84	5.960039E-05	4492.615
-0.84	5.933971E-05	4493.161
-0.84	5.94698E-05	4493.708
-0.84	5.950729E-05	4494.254
-0.84	5.97583E-05	4494.801
-0.84	5.969132E-05	4495.348
-0.84	5.955239E-05	4495.895
-0.84	5.98582E-05	4496.441
-0.82	6.036324E-05	4496.988
-0.82	6.092574E-05	4497.534
-0.82	6.054631E-05	4498.285
-0.82	6.034066E-05	4498.827
-0.82	6.041215E-05	4499.375
-0.82	6.038797E-05	4499.921
-0.82	6.05459E-05	4500.468
-0.82	6.031884E-05	4501.015
-0.82	6.02188E-05	4501.562
-0.82	6.003751E-05	4502.221
-0.8	6.051698E-05	4502.806
-0.8	6.049002E-05	4503.354
-0.8	6.03646E-05	4503.901
-0.8	6.00325E-05	4504.449
-0.8	5.984938E-05	4504.996
-0.8	6.022353E-05	4505.543
-0.8	6.02447E-05	4506.09
-0.8	6.02687E-05	4506.637
-0.8	6.02861E-05	4507.185
-0.8	6.052704E-05	4507.731
-0.78	6.08223E-05	4508.278
-0.78	6.087853E-05	4509.184
-0.78	6.087777E-05	4509.722
-0.78	6.06502E-05	4510.269
-0.78	6.078968E-05	4510.815
-0.78	6.089121E-05	4511.362
-0.78	6.077086E-05	4512.31
-0.78	6.081377E-05	4512.856
-0.78	6.078195E-05	4513.403
-0.78	6.083403E-05	4513.95
-0.76	6.13239E-05	4514.497
-0.76	6.102356E-05	4515.044
-0.76	6.095047E-05	4515.591
-0.76	6.100485E-05	4516.139
-0.76	6.128198E-05	4516.686
-0.76	6.124733E-05	4517.232
-0.76	6.109859E-05	4517.779
-0.76	6.081482E-05	4518.326
-0.76	6.08072E-05	4518.873
-0.76	6.084006E-05	4519.419
-0.74	6.11024E-05	4519.965
-0.74	6.129721E-05	4520.511
-0.74	6.109852E-05	4521.059
-0.74	6.119334E-05	4521.605
-0.74	6.092949E-05	4522.152
-0.74	6.109697E-05	4522.699
-0.74	6.128226E-05	4523.246
-0.74	6.129189E-05	4523.793
-0.74	6.103363E-05	4524.34
-0.74	6.076472E-05	4524.886
-0.72	6.145333E-05	4525.433
-0.72	6.161504E-05	4525.979
-0.72	6.163961E-05	4526.526
-0.72	6.138647E-05	4527.073
-0.72	6.143759E-05	4527.62
-0.72	6.144106E-05	4528.167
-0.72	6.151324E-05	4528.714
-0.72	6.144306E-05	4529.261
-0.72	6.135002E-05	4529.808
-0.72	6.140379E-05	4530.354
-0.7	6.131607E-05	4530.9
-0.7	6.123371E-05	4531.447
-0.7	6.12333E-05	4531.994
-0.7	6.132168E-05	4532.541
-0.7	6.092442E-05	4533.088
-0.7	6.074613E-05	4533.635
-0.7	6.072564E-05	4534.182
-0.7	6.102081E-05	4534.729
-0.7	6.077455E-05	4535.275
-0.7	6.032323E-05	4535.822
-0.68	6.082992E-05	4536.369
-0.68	6.101047E-05	4536.916
-0.68	6.101506E-05	4537.464
-0.68	6.065228E-05	4538.01
-0.68	6.088444E-05	4538.557
-0.68	6.08341E-05	4539.103
-0.68	6.085171E-05	4539.648
-0.68	6.084357E-05	4540.195
-0.68	6.103852E-05	4540.742
-0.68	6.107986E-05	4541.289
-0.66	6.108663E-05	4541.836
-0.66	6.113925E-05	4542.383
-0.66	6.113313E-05	4542.929
-0.66	6.149607E-05	4543.477
-0.66	6.13509E-05	4544.023
-0.66	6.098344E-05	4544.569
-0.66	6.114408E-05	4545.116
-0.66	6.154583E-05	4545.663
-0.66	6.144852E-05	4546.21
-0.66	6.128873E-05	4546.756
-0.64	6.156883E-05	4547.303
-0.64	6.170441E-05	4547.851
-0.64	6.168959E-05	4548.396
-0.64	6.155585E-05	4548.942
-0.64	6.176758E-05	4549.489
-0.64	6.173099E-05	4550.035
-0.64	6.164014E-05	4550.582
-0.64	6.16163E-05	4551.129
-0.64	6.214163E-05	4551.676
-0.64	6.268475E-05	4552.223
-0.62	6.260923E-05	4552.771
-0.62	6.24551E-05	4553.316
-0.62	6.26004E-05	4553.863
-0.62	6.28529E-05	4554.41
-0.62	6.261324E-05	4554.957
-0.62	6.209347E-05	4555.505
-0.62	6.19171E-05	4556.098
-0.62	6.212774E-05	4556.646
-0.62	6.208866E-05	4557.192
-0.62	6.200446E-05	4557.739
-0.6	6.224142E-05	4558.286
-0.6	6.214207E-05	4558.833
-0.6	6.236449E-05	4559.535
-0.6	6.271465E-05	4560.077
-0.6	6.30968E-05	4560.625
-0.6	6.29131E-05	4561.173
-0.6	6.317466E-05	4561.72
-0.6	6.320907E-05	4562.267
-0.6	6.332088E-05	4562.813
-0.6	6.345363E-05	4563.361
-0.58	6.344196E-05	4563.908
-0.58	6.329027E-05	4564.455
-0.58	6.329361E-05	4565.001
-0.58	6.350054E-05	4565.548
-0.58	6.336709E-05	4566.094
-0.58	6.333341E-05	4566.641
-0.58	6.353678E-05	4567.188
-0.58	6.346403E-05	4567.784
-0.58	6.352831E-05	4568.331
-0.58	6.369923E-05	4568.878
-0.56	6.343784E-05	4569.425
-0.56	6.336995E-05	4569.972
-0.56	6.345986E-05	4570.519
-0.56	6.351509E-05	4571.066
-0.56	6.348422E-05	4571.612
-0.56	6.327755E-05	4572.159
-0.56	6.324093E-05	4572.706
-0.56	6.337347E-05	4573.253
-0.56	6.343775E-05	4573.8
-0.56	6.348812E-05	4574.347
-0.54	6.364026E-05	4574.944
-0.54	6.351586E-05	4575.49
-0.54	6.367186E-05	4576.036
-0.54	6.37196E-05	4576.634
-0.54	6.369952E-05	4577.181
-0.54	6.366684E-05	4577.728
-0.54	6.366734E-05	4578.274
-0.54	6.349132E-05	4578.822
-0.54	6.334073E-05	4579.367
-0.54	6.363192E-05	4579.914
-0.52	6.388368E-05	4580.461
-0.52	6.374202E-05	4581.008
-0.52	6.356466E-05	4581.555
-0.52	6.350036E-05	4582.102
-0.52	6.359814E-05	4582.648
-0.52	6.371962E-05	4583.196
-0.52	6.364877E-05	4583.741
-0.52	6.367335E-05	4584.288
-0.52	6.355908E-05	4584.835
-0.52	6.366162E-05	4585.381
-0.5	6.399351E-05	4585.928
-0.5	6.397481E-05	4586.475
-0.5	6.398804E-05	4587.021
-0.5	6.396814E-05	4587.568
-0.5	6.381965E-05	4588.23
-0.5	6.397055E-05	4588.813
-0.5	6.421385E-05	4589.359
-0.5	6.410768E-05	4589.907
-0.5	6.394525E-05	4590.454
-0.5	6.395455E-05	4591.002
-0.48	6.414719E-05	4591.55
-0.48	6.406766E-05	4592.097
-0.48	6.400037E-05	4592.649
-0.48	6.420632E-05	4593.189
-0.48	6.409852E-05	4593.787
-0.48	6.409324E-05	4594.333
-0.48	6.385017E-05	4594.881
-0.48	6.387508E-05	4595.428
-0.48	6.395534E-05	4595.975
-0.48	6.382463E-05	4596.521
-0.46	6.414323E-05	4597.068
-0.46	6.414032E-05	4597.616
-0.46	6.417085E-05	4598.162
-0.46	6.415718E-05	4598.708
-0.46	6.390666E-05	4599.256
-0.46	6.377314E-05	4599.803
-0.46	6.394163E-05	4600.35
-0.46	6.417998E-05	4600.896
-0.46	6.395957E-05	4601.443
-0.46	6.377121E-05	4601.988
-0.44	6.395925E-05	4602.534
-0.44	6.423234E-05	4603.08
-0.44	6.429098E-05	4603.627
-0.44	6.462023E-05	4604.174
-0.44	6.46533E-05	4604.721
-0.44	6.480074E-05	4605.268
-0.44	6.465171E-05	4605.814
-0.44	6.450263E-05	4606.361
-0.44	6.488951E-05	4606.909
-0.44	6.484578E-05	4607.455
-0.42	6.485709E-05	4608.004
-0.42	6.47055E-05	4608.551
-0.42	6.47846E-05	4609.097
-0.42	6.493209E-05	4609.643
-0.42	6.487639E-05	4610.19
-0.42	6.485995E-05	4610.748
-0.42	6.483738E-05	4611.334
-0.42	6.557804E-05	4611.881
-0.42	6.555665E-05	4612.428
-0.42	6.543529E-05	4613.025
-0.4	6.544043E-05	4613.572
-0.4	6.54806E-05	4614.119
-0.4	6.560843E-05	4614.666
-0.4	6.555766E-05	4615.213
-0.4	6.566715E-05	4615.76
-0.4	6.565825E-05	4616.307
-0.4	6.554082E-05	4616.854
-0.4	6.483072E-05	4617.4
-0.4	6.494151E-05	4617.948
-0.4	6.510448E-05	4618.495
-0.38	6.520895E-05	4619.042
-0.38	6.474284E-05	4619.589
-0.38	6.493244E-05	4620.136
-0.38	6.512612E-05	4620.682
-0.38	6.544242E-05	4621.229
-0.38	6.521021E-05	4621.774
-0.38	6.499425E-05	4622.321
-0.38	6.537252E-05	4622.868
-0.38	6.534919E-05	4623.415
-0.38	6.522666E-05	4623.962
-0.36	6.595413E-05	4624.509
-0.36	6.602315E-05	4625.056
-0.36	6.606316E-05	4625.602
-0.36	6.604285E-05	4626.149
-0.36	6.566319E-05	4626.695
-0.36	6.563209E-05	4627.242
-0.36	6.545254E-05	4627.789
-0.36	6.538596E-05	4628.336
-0.36	6.55884E-05	4628.883
-0.36	6.617528E-05	4629.429
-0.34	6.612882E-05	4629.977
-0.34	6.59721E-05	4630.522
-0.34	6.618947E-05	4631.068
-0.34	6.631736E-05	4631.615
-0.34	6.613832E-05	4632.162
-0.34	6.568074E-05	4632.709
-0.34	6.585606E-05	4633.256
-0.34	6.595758E-05	4633.803
-0.34	6.584326E-05	4634.35
-0.34	6.612892E-05	4634.896
-0.32	6.633901E-05	4635.442
-0.32	6.626171E-05	4635.989
-0.32	6.653559E-05	4636.536
-0.32	6.61942E-05	4637.083
-0.32	6.611004E-05	4637.63
-0.32	6.602611E-05	4638.177
-0.32	6.592546E-05	4638.724
-0.32	6.596277E-05	4639.271
-0.32	6.591995E-05	4639.817
-0.32	6.57807E-05	4640.363
-0.3	6.590768E-05	4640.91
-0.3	6.590905E-05	4641.457
-0.3	6.60755E-05	4642.004
-0.3	6.640829E-05	4642.551
-0.3	6.641063E-05	4643.098
-0.3	6.624633E-05	4643.645
-0.3	6.600591E-05	4644.192
-0.3	6.60117E-05	4644.739
-0.3	6.63104E-05	4645.286
-0.3	6.595827E-05	4645.833
-0.28	6.589102E-05	4646.38
-0.28	6.596393E-05	4646.927
-0.28	6.609246E-05	4647.475
-0.28	6.622939E-05	4648.02
-0.28	6.595514E-05	4648.566
-0.28	6.639864E-05	4649.113
-0.28	6.656675E-05	4649.659
-0.28	6.668048E-05	4650.206
-0.28	6.648263E-05	4650.752
-0.28	6.629181E-05	4651.299
-0.26	6.656892E-05	4651.846
-0.26	6.64188E-05	4652.393
-0.26	6.648422E-05	4652.939
-0.26	6.61333E-05	4653.486
-0.26	6.634131E-05	4654.033
-0.26	6.602156E-05	4654.579
-0.26	6.580474E-05	4655.126
-0.26	6.572004E-05	4655.673
-0.26	6.571603E-05	4656.22
-0.26	6.571731E-05	4656.767
-0.24	6.580633E-05	4657.313
-0.24	6.600271E-05	4657.858
-0.24	6.620667E-05	4658.404
-0.24	6.657108E-05	4658.952
-0.24	6.653166E-05	4659.499
-0.24	6.659539E-05	4660.046
-0.24	6.657808E-05	4660.593
-0.24	6.643539E-05	4661.139
-0.24	6.655109E-05	4661.686
-0.24	6.637933E-05	4662.231
-0.22	6.657819E-05	4662.777
-0.22	6.65015E-05	4663.324
-0.22	6.687598E-05	4663.871
-0.22	6.683833E-05	4664.418
-0.22	6.666905E-05	4664.965
-0.22	6.676799E-05	4665.511
-0.22	6.682441E-05	4666.058
-0.22	6.676919E-05	4666.604
-0.22	6.666361E-05	4667.15
-0.22	6.656344E-05	4667.697
-0.2	6.694012E-05	4668.243
-0.2	6.666016E-05	4668.79
-0.2	6.658462E-05	4669.337
-0.2	6.629273E-05	4669.884
-0.2	6.649968E-05	4670.431
-0.2	6.663773E-05	4670.978
-0.2	6.662E-05	4671.524
-0.2	6.66214E-05	4672.071
-0.2	6.71804E-05	4672.619
-0.2	6.701627E-05	4673.166
-0.18	6.711623E-05	4673.713
-0.18	6.695923E-05	4674.26
-0.18	6.694264E-05	4674.806
-0.18	6.706778E-05	4675.353
-0.18	6.707073E-05	4675.899
-0.18	6.728551E-05	4676.445
-0.18	6.706647E-05	4676.992
-0.18	6.697964E-05	4677.538
-0.18	6.735823E-05	4678.085
-0.18	6.750143E-05	4678.632
-0.16	6.712667E-05	4679.179
-0.16	6.708987E-05	4679.726
-0.16	6.711888E-05	4680.271
-0.16	6.711906E-05	4680.818
-0.16	6.700319E-05	4681.364
-0.16	6.713789E-05	4681.91
-0.16	6.726998E-05	4682.457
-0.16	6.720299E-05	4683.004
-0.16	6.708031E-05	4683.551
-0.16	6.710815E-05	4684.097
-0.14	6.720962E-05	4684.643
-0.14	6.716578E-05	4685.189
-0.14	6.70706E-05	4685.735
-0.14	6.738763E-05	4686.281
-0.14	6.681375E-05	4686.828
-0.14	6.691559E-05	4687.375
-0.14	6.721181E-05	4687.922
-0.14	6.733887E-05	4688.468
-0.14	6.72315E-05	4689.015
-0.14	6.709012E-05	4689.561
-0.12	6.725374E-05	4690.106
-0.12	6.746302E-05	4690.653
-0.12	6.725378E-05	4691.2
-0.12	6.703506E-05	4691.747
-0.12	6.706909E-05	4692.294
-0.12	6.710232E-05	4692.841
-0.12	6.747555E-05	4693.387
-0.12	6.723394E-05	4693.934
-0.12	6.718712E-05	4694.48
-0.12	6.719353E-05	4695.026
-0.1	6.740327E-05	4695.573
-0.1	6.762029E-05	4696.12
-0.1	6.780615E-05	4696.667
-0.1	6.72661E-05	4697.215
-0.1	6.728279E-05	4697.76
-0.1	6.76293E-05	4698.307
-0.1	6.77389E-05	4698.854
-0.1	6.787335E-05	4699.401
-0.1	6.748985E-05	4699.948
-0.1	6.759838E-05	4700.495
-0.08	6.781409E-05	4701.042
-0.08	6.787168E-05	4701.589
-0.08	6.768233E-05	4702.136
-0.08	6.773054E-05	4702.682
-0.08	6.749441E-05	4703.229
-0.08	6.749949E-05	4703.776
-0.08	6.787384E-05	4704.323
-0.08	6.785392E-05	4704.869
-0.08	6.731418E-05	4705.415
-0.08	6.710053E-05	4705.962
-0.06	6.761868E-05	4706.508
-0.06	6.783181E-05	4707.055
-0.06	6.730222E-05	4707.602
-0.06	6.730092E-05	4708.146
-0.06	6.755392E-05	4708.693
-0.06	6.76397E-05	4709.24
-0.06	6.739116E-05	4709.787
-0.06	6.726927E-05	4710.333
-0.06	6.735563E-05	4710.879
-0.06	6.748676E-05	4711.426
-0.04	6.755636E-05	4711.973
-0.04	6.760375E-05	4712.518
-0.04	6.768402E-05	4713.064
-0.04	6.765678E-05	4713.611
-0.04	6.749012E-05	4714.158
-0.04	6.759636E-05	4714.705
-0.04	6.768487E-05	4715.252
-0.04	6.755201E-05	4715.798
-0.04	6.751218E-05	4716.344
-0.04	6.756889E-05	4716.89
-0.02	6.789351E-05	4717.437
-0.02	6.805806E-05	4717.983
-0.02	6.775835E-05	4718.53
-0.02	6.767542E-05	4719.077
-0.02	6.779498E-05	4719.623
-0.02	6.769882E-05	4720.169
-0.02	6.773075E-05	4720.715
-0.02	6.740775E-05	4721.261
-0.02	6.713909E-05	4721.808
-0.02	6.707318E-05	4722.354
0	6.701326E-05	4722.9
0	6.679901E-05	4723.448
0	6.692041E-05	4723.996
0	6.713504E-05	4724.544
0	6.719489E-05	4725.091
0	6.686412E-05	4725.638
0	6.70223E-05	4726.185
0	6.710161E-05	4726.732
0	6.725757E-05	4727.28
0	6.704181E-05	4727.828
0.02	6.749405E-05	4728.377
0.02	6.750568E-05	4728.924
0.02	6.739247E-05	4729.47
0.02	6.760533E-05	4730.016
0.02	6.797991E-05	4730.562
0.02	6.792304E-05	4731.108
0.02	6.803175E-05	4731.655
0.02	6.816147E-05	4732.202
0.02	6.812023E-05	4732.749
0.02	6.796703E-05	4733.296
0.04	6.815202E-05	4733.842
0.04	6.811469E-05	4734.388
0.04	6.818951E-05	4734.935
0.04	6.814099E-05	4735.481
0.04	6.801707E-05	4736.027
0.04	6.818149E-05	4736.574
0.04	6.82378E-05	4737.121
0.04	6.800221E-05	4737.668
0.04	6.789059E-05	4738.215
0.04	6.802266E-05	4738.762
0.06	6.788322E-05	4739.308
0.06	6.749861E-05	4739.854
0.06	6.737385E-05	4740.4
0.06	6.724639E-05	4740.947
0.06	6.719637E-05	4741.494
0.06	6.730705E-05	4742.04
0.06	6.800474E-05	4742.587
0.06	6.815269E-05	4743.134
0.06	6.818161E-05	4743.681
0.06	6.774259E-05	4744.228
0.08	6.811132E-05	4744.774
0.08	6.824832E-05	4745.32
0.08	6.80977E-05	4745.867
0.08	6.788915E-05	4746.413
0.08	6.802994E-05	4747.025
0.08	6.835508E-05	4747.604
0.08	6.859381E-05	4748.152
0.08	6.845843E-05	4748.698
0.08	6.847248E-05	4749.244
0.08	6.82207E-05	4749.79
0.1	6.846434E-05	4750.336
0.1	6.827174E-05	4750.883
0.1	6.816158E-05	4751.43
0.1	6.793009E-05	4751.977
0.1	6.804448E-05	4752.523
0.1	6.606424E-05	4753.071
0.1	6.416937E-05	4753.618
0.1	5.503235E-05	4754.165
0.1	5.713629E-05	4754.712
0.1	5.473725E-05	4755.259
0.12	5.545394E-05	4755.806
0.12	5.552072E-05	4756.352
0.12	5.904732E-05	4756.897
0.12	6.134583E-05	4757.443
0.12	6.056499E-05	4757.991
0.12	6.059168E-05	4758.538
0.12	6.170091E-05	4759.085
0.12	6.228634E-05	4759.632
0.12	6.266345E-05	4760.178
0.12	-9.055201E-11	4760.805
0.14	-5.312153E-11	4761.373
0.14	-8.168025E-11	4761.92
0.14	-1.051693E-10	4762.467
0.14	-9.093223E-11	4763.014
0.14	-1.343617E-10	4763.561
0.14	-1.224904E-10	4764.107
0.14	-1.117598E-10	4764.653
0.14	-1.163224E-10	4765.2
0.14	-1.086758E-10	4765.747
0.14	-9.469216E-11	4766.293
0.16	-1.144213E-10	4766.84
0.16	-8.645408E-11	4767.387
0.16	-1.327141E-10	4767.934
0.16	-1.000997E-10	4768.48
0.16	3.618779E-11	4769.027
0.16	-6.199332E-11	4769.574
0.16	-9.477667E-11	4770.121
0.16	-4.125029E-11	4770.668
0.16	-9.241088E-11	4771.215
0.16	-1.360095E-10	4771.762
0.18	-9.312905E-11	4772.309
0.18	-1.398964E-10	4772.855
0.18	-4.361606E-11	4773.402
0.18	-1.775833E-10	4773.949
0.18	-8.417275E-11	4774.494
0.18	-1.328408E-10	4775.041
0.18	-1.101967E-10	4775.588
0.18	-1.35925E-10	4776.135
0.18	-1.094785E-10	4776.682
0.18	-1.326296E-10	4777.229
0.2	-8.920013E-11	4777.774
0.2	-9.671999E-11	4778.322
0.2	-9.726921E-11	4778.868
0.2	-1.154775E-10	4779.415
0.2	-1.291654E-10	4779.962
0.2	-2.024685E-10	4780.509
0.2	-5.249615E-10	4781.056
0.2	-1.338547E-10	4781.603
0.2	-1.071127E-10	4782.149
0.2	-1.080421E-10	4782.696
0.22	-1.000153E-10	4783.243
0.22	-1.180545E-10	4783.79
0.22	-1.194487E-10	4784.337
0.22	-8.838737E-10	4784.884
0.22	5.490287E-11	4785.431
0.22	-5.827165E-10	4785.977
0.22	-4.268672E-11	4786.522
0.22	-1.504589E-10	4787.068
0.22	-1.174631E-10	4787.615
0.22	-9.959281E-11	4788.161
0.24	-1.072394E-10	4788.708
0.24	-8.784824E-11	4789.255
0.24	-1.129849E-10	4789.802
0.24	-1.069015E-10	4790.349
0.24	-1.096475E-10	4790.896
0.24	-1.165759E-10	4791.441
0.24	-1.264193E-10	4791.989
0.24	-1.229551E-10	4792.534
0.24	-1.025078E-10	4793.081
0.24	-1.074084E-10	4793.628
0.26	-1.029725E-10	4794.175
0.26	-1.034373E-10	4794.722
0.26	-1.012827E-10	4795.269
0.26	-9.840989E-11	4795.815
0.26	-1.15224E-10	4796.362
0.26	-9.612861E-11	4796.907
0.26	-2.422255E-10	4797.454
0.26	7.849138E-13	4798.001
0.26	-1.149625E-09	4798.548
0.26	-3.063607E-10	4799.094
0.28	-5.80222E-11	4799.64
0.28	5.072037E-11	4800.186
0.28	-9.224194E-11	4800.731
0.28	-1.74161E-10	4801.277
0.28	5.777567E-11	4801.824
0.28	-6.26234E-10	4802.371
0.28	-3.017281E-12	4802.918
0.28	-3.846074E-10	4803.465
0.28	-2.079186E-10	4804.011
0.28	6.797574E-06	4804.703
0.3	9.351149E-06	4805.254
0.3	5.514563E-06	4805.801
0.3	5.826403E-06	4806.348
0.3	8.138451E-06	4806.895
0.3	4.741841E-05	4807.579
0.3	7.041438E-05	4808.138
0.3	7.026517E-05	4808.685
0.3	7.010943E-05	4809.231
0.3	7.012515E-05	4809.779
0.3	7.037757E-05	4810.326
0.32	7.058232E-05	4810.873
0.32	7.035762E-05	4811.42
0.32	7.026818E-05	4811.967
0.32	7.036947E-05	4812.514
0.32	7.053508E-05	4813.061
0.32	7.031857E-05	4813.606
0.32	7.04245E-05	4814.152
0.32	7.054031E-05	4814.698
0.32	7.058097E-05	4815.245
0.32	7.061074E-05	4815.792
0.34	7.068925E-05	4816.339
0.34	7.0544E-05	4816.886
0.34	7.072174E-05	4817.433
0.34	7.044384E-05	4817.979
0.34	7.051313E-05	4818.525
0.34	7.082317E-05	4819.073
0.34	7.072926E-05	4819.62
0.34	7.077018E-05	4820.167
0.34	7.057123E-05	4820.714
0.34	7.074068E-05	4821.261
0.36	7.104387E-05	4821.808
0.36	7.105243E-05	4822.354
0.36	7.07476E-05	4822.9
0.36	7.081805E-05	4823.448
0.36	7.09689E-05	4823.995
0.36	7.108002E-05	4824.542
0.36	7.097308E-05	4825.089
0.36	7.087571E-05	4825.636
0.36	7.107251E-05	4826.183
0.36	7.119194E-05	4826.729
0.38	7.133116E-05	4827.276
0.38	7.14162E-05	4827.823
0.38	7.154867E-05	4828.369
0.38	7.134024E-05	4828.916
0.38	7.126989E-05	4829.463
0.38	7.136638E-05	4830.01
0.38	7.163198E-05	4830.556
0.38	7.121298E-05	4831.102
0.38	7.110549E-05	4831.647
0.38	7.124846E-05	4832.194
0.4	7.151824E-05	4832.74
0.4	7.152024E-05	4833.288
0.4	7.139156E-05	4833.835
0.4	7.138097E-05	4834.382
0.4	7.194627E-05	4834.929
0.4	7.197613E-05	4835.477
0.4	7.206319E-05	4836.022
0.4	7.199296E-05	4836.569
0.4	7.19125E-05	4837.117
0.4	7.183843E-05	4837.664
0.42	7.181093E-05	4838.211
0.42	7.197103E-05	4838.758
0.42	7.195654E-05	4839.305
0.42	7.20727E-05	4839.851
0.42	7.179882E-05	4840.397
0.42	7.193277E-05	4840.944
0.42	7.21297E-05	4841.491
0.42	7.201364E-05	4842.038
0.42	7.198074E-05	4842.585
0.42	7.190172E-05	4843.132
0.44	7.193545E-05	4843.679
0.44	7.20551E-05	4844.226
0.44	7.170083E-05	4844.772
0.44	7.202933E-05	4845.319
0.44	7.202226E-05	4845.865
0.44	7.193162E-05	4846.411
0.44	7.192705E-05	4846.958
0.44	7.191677E-05	4847.505
0.44	7.202407E-05	4848.052
0.44	7.183205E-05	4848.599
0.46	7.207312E-05	4849.146
0.46	7.20776E-05	4849.691
0.46	7.233479E-05	4850.238
0.46	7.208997E-05	4850.784
0.46	7.197131E-05	4851.33
0.46	7.215673E-05	4851.876
0.46	7.224865E-05	4852.423
0.46	7.201808E-05	4852.97
0.46	7.159719E-05	4853.517
0.46	7.189879E-05	4854.063
0.48	7.229288E-05	4854.609
0.48	7.178339E-05	4855.156
0.48	7.193476E-05	4855.703
0.48	7.201867E-05	4856.251
0.48	7.169872E-05	4856.797
0.48	7.180826E-05	4857.344
0.48	7.260015E-05	4857.89
0.48	7.263118E-05	4858.437
0.48	7.255458E-05	4858.982
0.48	7.229741E-05	4859.529
0.5	7.282627E-05	4860.076
0.5	7.297281E-05	4860.624
0.5	7.306461E-05	4861.171
0.5	7.285917E-05	4861.718
0.5	7.301423E-05	4862.265
0.5	7.300553E-05	4862.812
0.5	7.307925E-05	4863.358
0.5	7.279673E-05	4863.905
0.5	7.292596E-05	4864.452
0.5	7.278482E-05	4865
0.52	7.28357E-05	4865.547
0.52	7.302441E-05	4866.094
0.52	7.302957E-05	4866.641
0.52	7.294585E-05	4867.188
0.52	7.273436E-05	4867.734
0.52	7.258819E-05	4868.281
0.52	7.297808E-05	4868.828
0.52	7.302909E-05	4869.374
0.52	7.274676E-05	4869.921
0.52	7.282531E-05	4870.467
0.54	7.325859E-05	4871.014
0.54	7.338243E-05	4871.56
0.54	7.321214E-05	4872.107
0.54	7.304084E-05	4872.653
0.54	7.308522E-05	4873.2
0.54	7.332501E-05	4873.748
0.54	7.319412E-05	4874.293
0.54	7.312647E-05	4874.84
0.54	7.332476E-05	4875.387
0.54	7.336339E-05	4875.934
0.56	7.338787E-05	4876.48
0.56	7.353676E-05	4877.027
0.56	7.350185E-05	4877.573
0.56	7.341883E-05	4878.12
0.56	7.334627E-05	4878.668
0.56	7.319186E-05	4879.215
0.56	7.350925E-05	4879.762
0.56	7.346115E-05	4880.309
0.56	7.320079E-05	4880.855
0.56	7.198341E-05	4881.402
0.58	7.256863E-05	4881.95
0.58	7.361206E-05	4882.495
0.58	7.339503E-05	4883.043
0.58	7.337929E-05	4883.589
0.58	7.346972E-05	4884.136
0.58	7.343756E-05	4884.682
0.58	7.357206E-05	4885.229
0.58	7.355536E-05	4885.775
0.58	7.325591E-05	4886.321
0.58	7.310272E-05	4886.867
0.6	7.330604E-05	4887.415
0.6	7.340587E-05	4887.962
0.6	7.342781E-05	4888.509
0.6	7.322389E-05	4889.056
0.6	7.302613E-05	4889.603
0.6	7.315866E-05	4890.149
0.6	7.318948E-05	4890.696
0.6	7.307214E-05	4891.243
0.6	7.30727E-05	4891.836
0.6	7.304582E-05	4892.388
0.62	7.339324E-05	4892.935
0.62	7.330568E-05	4893.481
0.62	7.355507E-05	4894.028
0.62	7.34874E-05	4894.575
0.62	7.339773E-05	4895.122
0.62	7.331002E-05	4895.668
0.62	7.34823E-05	4896.215
0.62	7.337735E-05	4896.762
0.62	7.338012E-05	4897.309
0.62	7.346462E-05	4897.855
0.64	7.37142E-05	4898.402
0.64	7.344786E-05	4898.949
0.64	7.323561E-05	4899.495
0.64	7.341878E-05	4900.041
0.64	7.346738E-05	4900.588
0.64	7.325095E-05	4901.135
0.64	7.316472E-05	4901.682
0.64	7.352013E-05	4902.229
0.64	7.354777E-05	4902.775
0.64	7.360768E-05	4903.322
0.66	7.369822E-05	4903.869
0.66	7.377387E-05	4904.416
0.66	7.364595E-05	4904.963
0.66	7.347193E-05	4905.509
0.66	7.370742E-05	4906.056
0.66	7.372403E-05	4906.603
0.66	7.368615E-05	4907.149
0.66	7.346437E-05	4907.695
0.66	7.364376E-05	4908.242
0.66	7.377126E-05	4908.79
0.68	7.399155E-05	4909.336
0.68	7.395729E-05	4909.883
0.68	7.383123E-05	4910.43
0.68	7.394054E-05	4910.977
0.68	7.417078E-05	4911.523
0.68	7.401677E-05	4912.069
0.68	7.38661E-05	4912.616
0.68	7.397665E-05	4913.163
0.68	7.391153E-05	4913.71
0.68	7.387051E-05	4914.257
0.7	7.408013E-05	4914.804
0.7	7.399231E-05	4915.351
0.7	7.392917E-05	4915.897
0.7	7.40177E-05	4916.443
0.7	7.419206E-05	4916.989
0.7	7.417078E-05	4917.535
0.7	7.408732E-05	4918.082
0.7	7.416518E-05	4918.629
0.7	7.446891E-05	4919.176
0.7	7.453933E-05	4919.723
0.72	7.449388E-05	4920.27
0.72	7.436927E-05	4920.816
0.72	7.454448E-05	4921.363
0.72	7.441158E-05	4921.91
0.72	7.436916E-05	4922.456
0.72	7.443203E-05	4923.003
0.72	7.450899E-05	4923.549
0.72	7.452042E-05	4924.096
0.72	7.431024E-05	4924.643
0.72	7.435218E-05	4925.189
0.74	7.487317E-05	4925.736
0.74	7.502626E-05	4926.283
0.74	7.477817E-05	4926.829
0.74	7.465341E-05	4927.376
0.74	7.487449E-05	4927.923
0.74	7.489702E-05	4928.47
0.74	7.472818E-05	4929.017
0.74	7.460696E-05	4929.563
0.74	7.459716E-05	4930.11
0.74	7.466141E-05	4930.656
0.76	7.477325E-05	4931.202
0.76	7.461884E-05	4931.749
0.76	7.473046E-05	4932.296
0.76	7.478084E-05	4932.843
0.76	7.444595E-05	4933.39
0.76	7.45927E-05	4933.937
0.76	7.479033E-05	4934.483
0.76	7.49925E-05	4935.031
0.76	7.484765E-05	4935.577
0.76	7.491656E-05	4936.124
0.78	7.503374E-05	4936.671
0.78	7.529662E-05	4937.218
0.78	7.53764E-05	4937.765
0.78	7.526724E-05	4938.312
0.78	7.506913E-05	4938.858
0.78	7.506779E-05	4939.405
0.78	7.512034E-05	4939.951
0.78	7.498817E-05	4940.498
0.78	7.482662E-05	4941.044
0.78	7.490728E-05	4941.591
0.8	7.510644E-05	4942.138
0.8	7.491638E-05	4942.685
0.8	7.488603E-05	4943.231
0.8	7.497495E-05	4943.778
0.8	7.497956E-05	4944.325
0.8	7.483141E-05	4944.872
0.8	7.479371E-05	4945.419
0.8	7.502166E-05	4945.967
0.8	7.518844E-05	4946.514
0.8	7.492002E-05	4947.061
0.82	7.501984E-05	4947.607
0.82	7.545608E-05	4948.154
0.82	7.557722E-05	4948.701
0.82	7.554235E-05	4949.247
0.82	7.536506E-05	4949.794
0.82	7.535824E-05	4950.341
0.82	7.549291E-05	4950.887
0.82	7.533583E-05	4951.434
0.82	7.551052E-05	4951.98
0.82	7.545891E-05	4952.526
0.84	7.575167E-05	4953.073
0.84	7.578261E-05	4953.62
0.84	7.587011E-05	4954.166
0.84	7.583011E-05	4954.713
0.84	7.593546E-05	4955.26
0.84	7.593269E-05	4955.807
0.84	7.57794E-05	4956.354
0.84	7.577069E-05	4956.9
0.84	7.580291E-05	4957.447
0.84	7.58945E-05	4957.994
0.86	7.564991E-05	4958.54
0.86	7.573886E-05	4959.087
0.86	7.57201E-05	4959.634
0.86	7.596362E-05	4960.181
0.86	7.587724E-05	4960.728
0.86	7.608374E-05	4961.274
0.86	7.606669E-05	4961.821
0.86	7.587849E-05	4962.367
0.86	7.563646E-05	4962.914
0.86	7.566495E-05	4963.46
0.88	7.609998E-05	4964.008
0.88	7.59773E-05	4964.554
0.88	7.584054E-05	4965.102
0.88	7.578962E-05	4965.648
0.88	7.591219E-05	4966.194
0.88	7.625482E-05	4966.741
0.88	7.579803E-05	4967.288
0.88	7.583686E-05	4967.834
0.88	7.562281E-05	4968.381
0.88	7.589319E-05	4968.927
0.9	7.605575E-05	4969.474
0.9	7.603631E-05	4970.021
0.9	7.589766E-05	4970.567
0.9	7.595069E-05	4971.114
0.9	7.614943E-05	4971.66
0.9	7.583784E-05	4972.206
0.9	7.597869E-05	4972.752
0.9	7.606413E-05	4973.299
0.9	7.610762E-05	4973.845
0.9	7.59562E-05	4974.392
0.92	7.613056E-05	4974.938
0.92	7.61984E-05	4975.485
0.92	7.641153E-05	4976.032
0.92	7.634224E-05	4976.578
0.92	7.613117E-05	4977.125
0.92	7.628422E-05	4977.672
0.92	7.623769E-05	4978.219
0.92	7.628138E-05	4978.766
0.92	7.598984E-05	4979.312
0.92	7.601428E-05	4979.859
0.94	7.62806E-05	4980.406
0.94	7.621464E-05	4980.952
0.94	7.609805E-05	4981.498
0.94	7.614367E-05	4982.045
0.94	7.604351E-05	4982.592
0.94	7.614823E-05	4983.139
0.94	7.606392E-05	4983.686
0.94	7.582655E-05	4984.232
0.94	7.599538E-05	4984.779
0.94	7.594069E-05	4985.326
0.96	7.609218E-05	4985.872
0.96	7.578662E-05	4986.418
0.96	7.604242E-05	4986.965
0.96	7.636503E-05	4987.511
0.96	7.641533E-05	4988.058
0.96	7.629769E-05	4988.604
0.96	7.632751E-05	4989.15
0.96	7.654059E-05	4989.761
0.96	7.640626E-05	4990.554
0.96	7.654912E-05	4991.091
0.98	7.672039E-05	4991.638
0.98	7.644557E-05	4992.185
0.98	7.654069E-05	4993.129
0.98	7.682406E-05	4993.678
0.98	7.669524E-05	4994.225
0.98	7.653052E-05	4994.771
0.98	7.632955E-05	4995.317
0.98	7.661842E-05	4995.864
0.98	7.656094E-05	4996.411
0.98	7.641522E-05	4997.127
1	7.657215E-05	4997.702
1	7.654646E-05	4998.249
1	7.674214E-05	4998.796
1	7.6486E-05	4999.343
1	7.649834E-05	4999.891
1	7.662078E-05	5000.439
1	7.699551E-05	5000.987
1	7.72168E-05	5001.535
1	7.720265E-05	5002.082
1	7.725736E-05	5002.629
