Messtemperatur      21∞C
U-Bereich           -1V   bis 5V
Anzahl der Meﬂpunkte     100
delay nach Einstellen der Spannung  s
Strombegrenzung     1 A
Kontakt             x
Beleuchtung         d
Kommentar eingeben

voltage / V   current / A   time

-1	-0.003240607	18416.06
-1	-0.003227005	18416.64
-1	-0.00322317	18417.19
-1	-0.003217119	18417.74
-1	-0.003217469	18418.28
-0.94	-0.003182838	18418.83
-0.94	-0.003201342	18419.38
-0.94	-0.003194547	18419.92
-0.94	-0.003200383	18420.47
-0.94	-0.003198149	18421.02
-0.88	-0.003171125	18421.56
-0.88	-0.00317181	18422.11
-0.88	-0.003169455	18422.66
-0.88	-0.003167823	18423.21
-0.88	-0.003165789	18423.75
-0.82	-0.003136975	18424.3
-0.82	-0.003137493	18424.85
-0.82	-0.003134153	18425.39
-0.82	-0.003132853	18425.94
-0.82	-0.00312986	18426.49
-0.76	-0.00310266	18427.03
-0.76	-0.003096706	18427.58
-0.76	-0.003101504	18428.13
-0.76	-0.003094782	18428.67
-0.76	-0.003095456	18429.22
-0.7	-0.003064471	18429.77
-0.7	-0.003060677	18430.31
-0.7	-0.003062932	18430.86
-0.7	-0.003059725	18431.41
-0.7	-0.003060185	18431.96
-0.64	-0.003028548	18432.5
-0.64	-0.003030517	18433.05
-0.64	-0.00303098	18433.59
-0.64	-0.003027619	18434.14
-0.64	-0.003024546	18434.69
-0.58	-0.002997755	18435.23
-0.58	-0.002999936	18435.78
-0.58	-0.002993147	18436.33
-0.58	-0.003000999	18436.87
-0.58	-0.002996844	18437.42
-0.52	-0.002965179	18437.97
-0.52	-0.002963528	18438.51
-0.52	-0.00296604	18439.06
-0.52	-0.002963106	18439.61
-0.52	-0.002960117	18440.15
-0.46	-0.002934541	18440.7
-0.46	-0.002931744	18441.25
-0.46	-0.002933546	18441.79
-0.46	-0.002935403	18442.34
-0.46	-0.002930315	18442.89
-0.4	-0.002905646	18443.43
-0.4	-0.002898531	18443.98
-0.4	-0.002897925	18444.53
-0.4	-0.002897528	18445.08
-0.4	-0.002900776	18445.62
-0.34	-0.002873013	18446.17
-0.34	-0.002871385	18446.72
-0.34	-0.002872175	18447.26
-0.34	-0.002866675	18447.81
-0.34	-0.002867001	18448.36
-0.28	-0.002840339	18448.9
-0.28	-0.002841593	18449.45
-0.28	-0.002837336	18450
-0.28	-0.002840645	18450.54
-0.28	-0.002841501	18451.09
-0.22	-0.002811846	18451.64
-0.22	-0.002807885	18452.19
-0.22	-0.002810197	18452.73
-0.22	-0.002811304	18453.28
-0.22	-0.002811309	18453.83
-0.16	-0.002776266	18454.37
-0.16	-0.00278337	18454.92
-0.16	-0.002778532	18455.47
-0.16	-0.002781447	18456.01
-0.16	-0.002773048	18456.56
-0.1	-0.002756057	18457.11
-0.1	-0.002750079	18457.65
-0.1	-0.002748647	18458.2
-0.1	-0.002749049	18458.75
-0.1	-0.002752164	18459.29
-0.04	-0.002721235	18459.84
-0.04	-0.002720168	18460.39
-0.04	-0.002715827	18460.94
-0.04	-0.002718519	18461.48
-0.04	-0.002712704	18462.03
0.02	-0.002691541	18462.57
0.02	-0.00268789	18463.12
0.02	-0.002691009	18463.67
0.02	-0.002682046	18464.21
0.02	-0.002688745	18464.76
0.08	-0.002663247	18465.31
0.08	-0.002658624	18465.86
0.08	-0.002660483	18466.4
0.08	-0.002660516	18466.95
0.08	-0.002659148	18467.49
0.14	-0.002633027	18468.04
0.14	-0.002630986	18468.59
0.14	-0.002634309	18469.13
0.14	-0.002627613	18469.68
0.14	-0.002634217	18470.23
0.2	-0.002605135	18470.77
0.2	-0.002609077	18471.32
0.2	-0.002601004	18471.87
0.2	-0.002603658	18472.42
0.2	-0.002597319	18472.96
0.26	-0.00257355	18473.51
0.26	-0.002570543	18474.06
0.26	-0.002566761	18474.6
0.26	-0.002568442	18475.15
0.26	-0.002572936	18475.7
0.32	-0.002548777	18476.24
0.32	-0.002552635	18476.79
0.32	-0.002549699	18477.34
0.32	-0.00254985	18477.88
0.32	-0.002548705	18478.43
0.38	-0.002528888	18478.98
0.38	-0.002524193	18479.53
0.38	-0.002527325	18480.07
0.38	-0.002523897	18480.62
0.38	-0.002525714	18481.17
0.44	-0.002500638	18481.71
0.44	-0.002497213	18482.26
0.44	-0.00249777	18482.81
0.44	-0.002496844	18483.35
0.44	-0.002500804	18483.9
0.5	-0.002479277	18484.45
0.5	-0.002482511	18484.99
0.5	-0.002477287	18485.54
0.5	-0.002474323	18486.09
0.5	-0.0024766	18486.63
0.56	-0.002451744	18487.18
0.56	-0.002452103	18487.73
0.56	-0.002445718	18488.28
0.56	-0.002443819	18488.82
0.56	-0.00243957	18489.37
0.62	-0.002420705	18489.92
0.62	-0.002420977	18490.46
0.62	-0.002419326	18491.01
0.62	-0.002422536	18491.56
0.62	-0.002416199	18492.1
0.68	-0.002399235	18492.65
0.68	-0.002398336	18493.2
0.68	-0.002399985	18493.74
0.68	-0.002399408	18494.29
0.68	-0.002401255	18494.84
0.74	-0.002380889	18495.38
0.74	-0.002386076	18495.93
0.74	-0.002367363	18496.48
0.74	-0.002363594	18497.02
0.74	-0.00236635	18497.57
0.8	-0.00234671	18498.12
0.8	-0.002344356	18498.66
0.8	-0.002350019	18499.21
0.8	-0.002346117	18499.76
0.8	-0.00234839	18500.3
0.86	-0.00232169	18500.85
0.86	-0.002323804	18501.4
0.86	-0.002316315	18501.95
0.86	-0.002320324	18502.49
0.86	-0.002324789	18503.04
0.92	-0.002301367	18503.59
0.92	-0.002300896	18504.13
0.92	-0.002303685	18504.68
0.92	-0.002301545	18505.23
0.92	-0.002307423	18505.78
0.98	-0.002281368	18506.32
0.98	-0.002291363	18506.87
0.98	-0.002282437	18507.42
0.98	-0.002291402	18507.96
0.98	-0.002284475	18508.51
1.04	-0.002267646	18509.05
1.04	-0.002267629	18509.6
1.04	-0.002263838	18510.15
1.04	-0.002267477	18510.7
1.04	-0.002267343	18511.24
1.1	-0.002245202	18511.79
1.1	-0.00224459	18512.34
1.1	-0.002241523	18512.88
1.1	-0.002244222	18513.43
1.1	-0.002239633	18513.98
1.16	-0.002222304	18514.53
1.16	-0.002219591	18515.07
1.16	-0.002220175	18515.62
1.16	-0.002217721	18516.17
1.16	-0.002216098	18516.71
1.22	-0.002195299	18517.26
1.22	-0.002185283	18517.81
1.22	-0.002191828	18518.35
1.22	-0.002187536	18518.9
1.22	-0.002196598	18519.45
1.28	-0.002174519	18519.99
1.28	-0.002179939	18520.54
1.28	-0.00217961	18521.09
1.28	-0.002174694	18521.63
1.28	-0.002175428	18522.18
1.34	-0.002154955	18522.73
1.34	-0.002157195	18523.28
1.34	-0.002154601	18523.82
1.34	-0.002156539	18524.37
1.34	-0.002159989	18524.92
1.4	-0.002136223	18525.46
1.4	-0.002138817	18526.01
1.4	-0.002131882	18526.56
1.4	-0.002140916	18527.11
1.4	-0.002133446	18527.65
1.46	-0.002119185	18528.2
1.46	-0.002117534	18528.75
1.46	-0.002118295	18529.29
1.46	-0.002116693	18529.84
1.46	-0.002116574	18530.39
1.52	-0.002099036	18530.93
1.52	-0.002103715	18531.48
1.52	-0.002096915	18532.03
1.52	-0.002097261	18532.57
1.52	-0.002092066	18533.12
1.58	-0.002076057	18533.67
1.58	-0.002067164	18534.21
1.58	-0.002076305	18534.76
1.58	-0.002070772	18535.31
1.58	-0.002073185	18535.86
1.64	-0.002055926	18536.4
1.64	-0.002055293	18536.95
1.64	-0.002054215	18537.5
1.64	-0.002054561	18538.04
1.64	-0.002053887	18538.59
1.7	-0.002030303	18539.14
1.7	-0.002026038	18539.69
1.7	-0.002034373	18540.23
1.7	-0.002029776	18540.78
1.7	-0.002031015	18541.33
1.76	-0.002004394	18541.87
1.76	-0.002001655	18542.42
1.76	-0.002005414	18542.97
1.76	-0.001999164	18543.51
1.76	-0.002006142	18544.06
1.82	-0.001970552	18544.61
1.82	-0.001975412	18545.15
1.82	-0.001971183	18545.7
1.82	-0.001970608	18546.25
1.82	-0.001971272	18546.79
1.88	-0.001929953	18547.34
1.88	-0.001929871	18547.89
1.88	-0.001932864	18548.43
1.88	-0.001929155	18548.98
1.88	-0.001930148	18549.53
1.94	-0.001880418	18550.07
1.94	-0.001883495	18550.62
1.94	-0.001878484	18551.17
1.94	-0.001879914	18551.71
1.94	-0.001871676	18552.26
2	-0.001825941	18552.81
2	-0.001820243	18553.35
2	-0.001817343	18553.9
2	-0.001820926	18554.45
2	-0.00182077	18555
2.06	-0.001765509	18555.54
2.06	-0.001766113	18556.09
2.06	-0.00176537	18556.64
2.06	-0.001773034	18557.19
2.06	-0.001765967	18557.73
2.12	-0.001715565	18558.28
2.12	-0.00170995	18558.83
2.12	-0.00171521	18559.37
2.12	-0.001703708	18559.92
2.12	-0.001713511	18560.46
2.18	-0.001651168	18561.01
2.18	-0.001651845	18561.56
2.18	-0.001654069	18562.11
2.18	-0.001657024	18562.65
2.18	-0.001659281	18563.2
2.24	-0.001593131	18563.75
2.24	-0.001594743	18564.29
2.24	-0.001596894	18564.84
2.24	-0.001596628	18565.39
2.24	-0.001596987	18565.94
2.3	-0.001528145	18566.48
2.3	-0.001534078	18567.03
2.3	-0.00152765	18567.58
2.3	-0.001531381	18568.12
2.3	-0.001525201	18568.67
2.36	-0.001455578	18569.22
2.36	-0.001452029	18569.76
2.36	-0.001452901	18570.31
2.36	-0.001452092	18570.86
2.36	-0.001454292	18571.41
2.42	-0.001363478	18571.95
2.42	-0.001363702	18572.5
2.42	-0.001366658	18573.05
2.42	-0.001364385	18573.59
2.42	-0.001359488	18574.14
2.48	-0.001246826	18574.69
2.48	-0.001240585	18575.23
2.48	-0.001240717	18575.78
2.48	-0.001239506	18576.33
2.48	-0.001240941	18576.87
2.54	-0.001077061	18577.42
2.54	-0.00107571	18577.97
2.54	-0.001077179	18578.52
2.54	-0.001073752	18579.06
2.54	-0.001076267	18579.61
2.6	-0.0008251088	18580.22
2.6	-0.0008246391	18580.8
2.6	-0.0008233609	18581.35
2.6	-0.0008211466	18581.9
2.6	-0.0008252718	18582.45
2.66	-0.0004754921	18582.99
2.66	-0.0004707195	18583.54
2.66	-0.0004688624	18584.09
2.66	-0.0004691058	18584.63
2.66	-0.0004730514	18585.18
2.72	4.330431E-05	18585.8
2.72	3.788247E-05	18586.37
2.72	4.136384E-05	18586.91
2.72	3.955109E-05	18587.46
2.72	4.306657E-05	18588.01
2.78	0.0008248338	18588.7
2.78	0.0008240448	18589.25
2.78	0.0008340167	18589.8
2.78	0.0008265005	18590.35
2.78	0.0008270385	18590.89
2.84	0.00200504	18591.58
2.84	0.00201395	18592.14
2.84	0.002000372	18592.69
2.84	0.002012437	18593.23
2.84	0.002010458	18593.78
2.9	0.003823383	18594.33
2.9	0.003803707	18594.88
2.9	0.003830835	18595.42
2.9	0.003814244	18595.97
2.9	0.003824978	18596.52
2.96	0.006645203	18597.06
2.96	0.006661713	18597.61
2.96	0.006653137	18598.16
2.96	0.006646306	18598.7
2.96	0.006657718	18599.25
3.02	0.01127046	18599.92
3.02	0.01124899	18600.49
3.02	0.01127067	18601.04
3.02	0.01129391	18601.59
3.02	0.01128763	18602.13
3.08	0.01864412	18602.68
3.08	0.01862048	18603.23
3.08	0.01867592	18603.78
3.08	0.01861414	18604.32
3.08	0.0186998	18604.87
3.14	0.02952218	18605.42
3.14	0.02953249	18605.96
3.14	0.02949724	18606.51
3.14	0.02954938	18607.06
3.14	0.02957852	18607.61
3.2	0.04417739	18608.15
3.2	0.04409431	18608.7
3.2	0.04415298	18609.25
3.2	0.04411229	18609.79
3.2	0.04412278	18610.34
3.26	0.06206232	18610.89
3.26	0.06200406	18611.43
3.26	0.06222265	18611.98
3.26	0.06210272	18612.53
3.26	0.06221639	18613.07
3.32	0.08270188	18613.62
3.32	0.08273773	18614.17
3.32	0.08276482	18614.71
3.32	0.08277467	18615.26
3.32	0.08280823	18615.81
3.38	0.1045041	18616.35
3.38	0.1045039	18616.9
3.38	0.1045569	18617.44
3.38	0.1045415	18617.99
3.38	0.1048728	18618.61
3.44	0.1294343	18619.19
3.44	0.129382	18619.74
3.44	0.1295005	18620.29
3.44	0.129447	18620.83
3.44	0.1296443	18621.38
3.5	0.1555463	18621.93
3.5	0.15564	18622.47
3.5	0.1556657	18623.02
3.5	0.1557345	18623.57
3.5	0.1558002	18624.12
3.56	0.182802	18624.66
3.56	0.1828327	18625.21
3.56	0.1829112	18625.76
3.56	0.1828754	18626.3
3.56	0.1830757	18626.85
3.62	0.2111922	18627.4
3.62	0.2113095	18627.94
3.62	0.2112003	18628.49
3.62	0.2111894	18629.04
3.62	0.211623	18629.58
3.68	0.2407283	18630.13
3.68	0.2410248	18630.68
3.68	0.2412403	18631.23
3.68	0.2414216	18631.77
3.68	0.2413997	18632.32
3.74	0.2710286	18632.87
3.74	0.2711829	18633.41
3.74	0.2712429	18633.96
3.74	0.2712955	18634.51
3.74	0.2713471	18635.05
3.8	0.3017606	18635.6
3.8	0.3019722	18636.15
3.8	0.3021111	18636.7
3.8	0.3023386	18637.24
3.8	0.3025441	18637.79
3.86	0.3333684	18638.34
3.86	0.3335193	18638.88
3.86	0.3341648	18639.43
3.86	0.3345671	18639.98
3.86	0.3346886	18640.52
3.92	0.3658117	18641.07
3.92	0.3661222	18641.62
3.92	0.3662289	18642.17
3.92	0.3664692	18642.71
3.92	0.3665757	18643.26
3.98	0.3982616	18643.81
3.98	0.3996381	18644.35
3.98	0.3996518	18644.9
3.98	0.4000866	18645.45
3.98	0.4002967	18645.99
4.04	0.4326752	18646.54
4.04	0.4335457	18647.09
4.04	0.4341366	18647.64
4.04	0.4342836	18648.18
4.04	0.4343348	18648.73
4.1	0.4665963	18649.28
4.1	0.4668889	18649.82
4.1	0.4675535	18650.37
4.1	0.4678688	18650.92
4.1	0.4682789	18651.47
4.16	0.5015435	18652.01
4.16	0.5027618	18652.56
4.16	0.5032688	18653.11
4.16	0.5034794	18653.65
4.16	0.5036392	18654.2
4.22	0.5366725	18654.75
4.22	0.5372676	18655.29
4.22	0.5378191	18655.84
4.22	0.5383748	18656.39
4.22	0.5389612	18656.94
4.28	0.572863	18657.48
4.28	0.5735852	18658.03
4.28	0.5737129	18658.58
4.28	0.5735464	18659.13
4.28	0.5737493	18659.67
4.34	0.6067407	18660.22
4.34	0.6070579	18660.77
4.34	0.6069305	18661.31
4.34	0.606452	18661.86
4.34	0.6060708	18662.41
4.4	0.6420646	18662.95
4.4	0.6425675	18663.5
4.4	0.6414265	18664.05
4.4	0.6422693	18664.6
4.4	0.6430463	18665.14
4.46	0.6775675	18665.69
4.46	0.6781515	18666.24
4.46	0.6779988	18666.78
4.46	0.6790959	18667.33
4.46	0.6794163	18667.88
4.52	0.7128112	18668.42
4.52	0.7147081	18668.97
4.52	0.7151572	18669.52
4.52	0.7152864	18670.06
4.52	0.7152586	18670.61
4.58	0.7485458	18671.16
4.58	0.7495705	18671.71
4.58	0.7496532	18672.25
4.58	0.7496963	18672.8
4.58	0.7503749	18673.35
4.64	0.7845451	18673.89
4.64	0.7851037	18674.44
4.64	0.7849492	18674.99
4.64	0.7838972	18675.54
4.64	0.7860447	18676.08
4.7	0.821261	18676.63
4.7	0.822813	18677.18
4.7	0.8215111	18677.72
4.7	0.82154	18678.27
4.7	0.8216115	18678.82
4.76	0.855901	18679.36
4.76	0.8560901	18679.91
4.76	0.8567357	18680.46
4.76	0.8555929	18681
4.76	0.856683	18681.55
4.82	0.8888749	18682.1
4.82	0.8907354	18682.65
4.82	0.8885071	18683.19
4.82	0.8882657	18683.74
4.82	0.8917664	18684.29
4.88	0.9291963	18684.83
4.88	0.9321837	18685.38
4.88	0.9279585	18685.93
4.88	0.9283094	18686.47
4.88	0.9316043	18687.02
4.94	0.9631705	18687.57
4.94	0.9668324	18688.12
4.94	0.969278	18688.66
4.94	0.9706985	18689.21
4.94	0.9717705	18689.76
5	0.9999264	18690.3
5	0.9999334	18690.85
5	0.9999341	18691.4
5	0.9999328	18691.95
5	0.9999338	18692.49
