Messtemperatur      21∞C
U-Bereich           -1V   bis 8V
Anzahl der Meﬂpunkte     100
delay nach Einstellen der Spannung  s
Strombegrenzung     1 A
Kontakt             x
Beleuchtung         d
Kommentar eingeben

voltage / V   current / A   time

-1	-8.227332E-10	20086.91
-1	-1.192374E-09	20087.46
-1	-9.940126E-10	20088.01
-0.91	-1.382835E-09	20088.56
-0.91	-1.278563E-09	20089.11
-0.91	-1.150885E-09	20089.65
-0.82	-9.132735E-10	20090.2
-0.82	-1.012814E-09	20090.75
-0.82	-8.768968E-10	20091.3
-0.73	-1.145646E-09	20091.84
-0.73	-8.845862E-10	20092.39
-0.73	-8.182547E-10	20092.94
-0.64	-1.118987E-09	20093.48
-0.64	-1.305772E-09	20094.03
-0.64	-7.025754E-10	20094.58
-0.55	-5.046366E-10	20095.13
-0.55	-1.002758E-09	20095.67
-0.55	-9.923227E-10	20096.22
-0.46	-7.656539E-10	20096.77
-0.46	-1.003349E-09	20097.31
-0.46	-8.930783E-10	20097.86
-0.37	-6.703389E-10	20098.41
-0.37	-9.850563E-10	20098.95
-0.37	-1.055781E-09	20099.5
-0.28	-5.427455E-10	20100.05
-0.28	-6.830561E-10	20100.6
-0.28	-7.744838E-10	20101.14
-0.19	-3.503411E-10	20101.69
-0.19	-3.353423E-10	20102.24
-0.19	-8.911348E-10	20102.78
-0.1	-8.753759E-10	20103.33
-0.1	-7.061211E-11	20103.88
-0.1	-6.829711E-10	20104.42
-0.01	-9.457217E-10	20104.97
-0.01	-0.151916	20105.65
-0.01	-0.152038	20106.21
0.08	-0.1525	20106.76
0.08	-0.1522208	20107.31
0.08	-0.1534946	20107.86
0.17	-0.1532795	20108.4
0.17	-0.1538742	20108.95
0.17	-0.1539962	20109.49
0.26	-0.1541763	20110.04
0.26	-0.1551853	20110.59
0.26	-0.1543273	20111.14
0.35	-0.1548094	20111.68
0.35	-0.1548909	20112.23
0.35	-0.1553654	20112.78
0.44	-0.1551874	20113.32
0.44	-0.1554481	20113.87
0.44	-0.1554258	20114.42
0.53	-0.1556679	20115.02
0.53	-0.1554418	20115.56
0.53	-0.1558924	20116.11
0.62	-0.1561859	20116.66
0.62	-0.1557983	20117.6
0.62	-0.155805	20118.15
0.71	-0.1566483	20118.7
0.71	-0.1558391	20119.25
0.71	-0.1566254	20119.79
0.8	-0.1561445	20120.34
0.8	-0.1562571	20120.89
0.8	-0.1563875	20121.43
0.89	-0.1562205	20121.98
0.89	-0.1563993	20122.53
0.89	-0.1562163	20123.08
0.98	-0.1560167	20123.62
0.98	-0.1559826	20124.17
0.98	-0.1562133	20124.72
1.07	-0.1556413	20125.26
1.07	-0.1562643	20125.81
1.07	-0.1558417	20126.36
1.16	-0.1542573	20126.9
1.16	-0.1532571	20127.45
1.16	-0.1540092	20128
1.25	-0.15189	20128.55
1.25	-0.1514138	20129.1
1.25	-0.1518048	20129.64
1.34	-0.1493258	20130.19
1.34	-0.1495493	20130.74
1.34	-0.1492329	20131.28
1.43	-0.146384	20131.83
1.43	-0.1462071	20132.38
1.43	-0.1462392	20132.93
1.52	-0.1433062	20133.47
1.52	-0.1439558	20134.02
1.52	-0.1441478	20134.57
1.61	-0.1396232	20135.12
1.61	-0.1397084	20135.66
1.61	-0.1398893	20136.21
1.7	-0.1360179	20136.76
1.7	-0.1353076	20137.3
1.7	-0.1358614	20137.85
1.79	-0.1313845	20138.4
1.79	-0.1313533	20138.94
1.79	-0.1312065	20139.49
1.88	-0.1277298	20140.04
1.88	-0.1277446	20140.59
1.88	-0.1276657	20141.13
1.97	-0.1242741	20141.68
1.97	-0.1247816	20142.23
1.97	-0.1251519	20142.78
2.06	-0.1215972	20143.32
2.06	-0.1223738	20143.87
2.06	-0.1216326	20144.42
2.15	-0.1197053	20144.96
2.15	-0.1190523	20145.51
2.15	-0.1197441	20146.06
2.24	-0.1169163	20146.61
2.24	-0.1168322	20147.15
2.24	-0.1170571	20147.7
2.33	-0.1146877	20148.25
2.33	-0.1147986	20148.79
2.33	-0.1146017	20149.34
2.42	-0.1122419	20149.89
2.42	-0.1121914	20150.44
2.42	-0.1120892	20150.98
2.51	-0.1093178	20151.53
2.51	-0.1094912	20152.08
2.51	-0.07979453	20152.69
2.6	-0.1117003	20153.34
2.6	-0.1174304	20153.92
2.6	-0.1178127	20154.47
2.69	-0.1176607	20155.01
2.69	-0.1178037	20155.56
2.69	-0.1176202	20156.11
2.78	-0.1160443	20156.66
2.78	-0.116685	20157.2
2.78	-0.116491	20157.75
2.87	-0.1087534	20158.3
2.87	-0.1102703	20158.84
2.87	-0.1134294	20159.39
2.96	-0.1076638	20159.94
2.96	-0.1110949	20160.48
2.96	-0.1100374	20161.03
3.05	-0.108901	20161.58
3.05	-0.1094971	20162.12
3.05	-0.1098278	20162.67
3.14	-0.106049	20163.22
3.14	-0.1060414	20163.77
3.14	-0.1063789	20164.31
3.23	-0.103521	20164.86
3.23	-0.1037737	20165.41
3.23	-0.103551	20165.96
3.32	-0.1011896	20166.5
3.32	-0.101155	20167.05
3.32	-0.09024464	20167.67
3.41	-0.09465533	20168.24
3.41	-0.09210893	20168.79
3.41	-0.08854626	20169.33
3.5	-0.08748593	20169.88
3.5	-0.08748361	20170.43
3.5	-0.08811544	20171.11
3.59	-0.08899928	20171.75
3.59	-0.09148119	20172.32
3.59	-0.09154982	20172.87
3.68	-0.08859804	20173.41
3.68	-0.08925446	20173.96
3.68	-0.08753016	20174.51
3.77	-0.0862064	20175.06
3.77	-0.08597511	20175.61
3.77	-0.08688715	20176.16
3.86	-0.08367714	20176.7
3.86	-0.08437733	20177.25
3.86	-0.08515514	20177.8
3.95	-0.08062267	20178.34
3.95	-0.08100116	20178.89
3.95	-0.08138999	20179.44
4.04	-0.07994119	20179.99
4.04	-0.08003112	20180.53
4.04	-0.07903572	20181.08
4.13	-0.07651326	20181.63
4.13	-0.07669056	20182.17
4.13	-0.07638039	20182.72
4.22	-0.07253918	20183.27
4.22	-0.07360755	20183.82
4.22	-0.07177787	20184.36
4.31	-0.07129615	20184.9
4.31	-0.07591032	20185.46
4.31	-0.06812585	20186
4.4	-0.06423623	20186.54
4.4	-0.06454185	20187.1
4.4	-0.07091308	20187.64
4.49	-0.06607447	20188.19
4.49	-0.06365234	20188.73
4.49	-0.06503011	20189.28
4.58	-0.06243291	20189.83
4.58	-0.06272391	20190.51
4.58	-0.06114217	20191.15
4.67	-0.0580123	20191.72
4.67	-0.05589148	20192.27
4.67	-0.05862587	20192.81
4.76	-0.0555892	20193.36
4.76	-0.05587875	20193.91
4.76	-0.06104699	20194.46
4.85	-0.04818604	20195.01
4.85	-0.04936023	20195.55
4.85	-0.05563466	20196.1
4.94	-0.04365811	20196.64
4.94	-0.04558863	20197.19
4.94	-0.04631749	20197.74
5.03	-0.03641544	20198.29
5.03	-0.03439617	20198.84
5.03	-0.0346024	20199.38
5.12	-0.03594292	20199.93
5.12	-0.03113129	20200.47
5.12	-0.03181555	20201.02
5.21	-0.0259648	20201.57
5.21	-0.02719063	20202.12
5.21	-0.02827531	20202.66
5.3	-0.02290325	20203.21
5.3	-0.02338212	20203.76
5.3	-0.02394325	20204.31
5.39	-0.01685706	20204.85
5.39	-0.01325576	20205.4
5.39	-0.01248037	20205.95
5.48	-0.01169231	20206.77
5.48	-0.01272172	20207.35
5.48	-0.01478444	20208.1
5.57	0.004658225	20208.71
5.57	0.0009669857	20209.42
5.57	0.00481275	20210.05
5.66	0.01013404	20210.63
5.66	0.01772381	20211.31
5.66	0.01786547	20211.88
5.75	0.02757006	20212.43
5.75	0.02972098	20212.97
5.75	0.03259347	20213.52
5.84	0.04187623	20214.07
5.84	0.04712162	20214.61
5.84	0.04561094	20215.16
5.93	0.06319792	20215.71
5.93	0.04757564	20216.25
5.93	0.05591226	20216.8
6.02	0.05842304	20217.35
6.02	0.07451666	20217.89
6.02	0.07471228	20218.44
6.11	0.08395637	20218.99
6.11	0.08785328	20219.53
6.11	0.08940851	20220.08
6.2	0.1033271	20220.69
6.2	0.08054354	20221.29
6.2	0.07125206	20221.87
6.29	0.07801488	20222.41
6.29	0.08014014	20222.96
6.29	0.0737294	20223.51
6.38	0.08427484	20224.06
6.38	0.08845234	20224.6
6.38	0.08900023	20225.28
6.47	0.09734051	20225.92
6.47	0.1026146	20226.57
6.47	0.101787	20227.15
6.56	0.11658	20227.7
6.56	0.1177872	20228.24
6.56	0.1143953	20228.79
6.65	0.1328231	20229.34
6.65	0.129705	20229.88
6.65	0.1325291	20230.43
6.74	0.1532905	20230.98
6.74	0.1524404	20231.52
6.74	0.1547091	20232.07
6.83	0.173229	20232.62
6.83	0.17226	20233.16
6.83	0.1711176	20233.71
6.92	0.1900035	20234.26
6.92	0.1888926	20234.81
6.92	0.1888464	20235.35
7.01	0.2065619	20235.9
7.01	0.2082424	20236.45
7.01	0.2075452	20237
7.1	0.2291621	20237.54
7.1	0.2323968	20238.09
7.1	0.2345782	20238.64
7.19	0.2579472	20239.18
7.19	0.2590571	20239.73
7.19	0.2614732	20240.28
7.28	0.2843627	20240.82
7.28	0.2859616	20241.37
7.28	0.2832178	20241.92
7.37	0.3064532	20242.46
7.37	0.3077592	20243.01
7.37	0.3069221	20243.56
7.46	0.3182832	20244.11
7.46	0.326984	20244.65
7.46	0.331501	20245.2
7.55	0.3639717	20245.75
7.55	0.3653491	20246.3
7.55	0.3683487	20246.84
7.64	0.3957282	20247.39
7.64	0.3983985	20247.94
7.64	0.3963068	20248.48
7.73	0.4227073	20249.03
7.73	0.4262883	20249.58
7.73	0.4240415	20250.13
7.82	0.4548091	20250.67
7.82	0.4598182	20251.22
7.82	0.4651003	20251.77
7.91	0.4959262	20252.31
7.91	0.4975789	20252.86
7.91	0.4997702	20253.41
8	0.5296006	20253.96
8	0.5302505	20254.5
8	0.533138	20255.05
